
[1mRooFit v3.60 -- Developed by Wouter Verkerke and David Kirkby[0m 
                Copyright (C) 2000-2013 NIKHEF, University of California & Stanford University
                All rights reserved, please read http://roofit.sourceforge.net/license.txt

Error in <TUnixSystem::FindDynamicLibrary>: ../utils/func_roofit/libRooGaussDoubleSidedExp[.so | .dll | .dylib | .sl | .dl | .a] does not exist in /cvmfs/sw.el7/gcc63/root/6.24.06/b01/lib64:/cvmfs/sw.el7/gcc63/root/6.24.06/b01/lib:/cvmfs/sw.el7/gcc63/pythia/8.2.40/b02/lib:/cvmfs/sw.el7/gcc/6.3/lib64:/cvmfs/sw.el7/gcc/6.3/lib:/cvmfs/sw.el7/gcc/6.3/libexec/gcc/x86_64-unknown-linux-gnu/6.3.1:.:/cvmfs/sw.el7/gcc63/root/6.24.06/b01/lib:/lib64/tls/x86_64:/lib64/tls:/lib64/x86_64:/lib64:/usr/lib64/tls/x86_64:/usr/lib64/tls:/usr/lib64/x86_64:/usr/lib64:/cvmfs/sw.el7/gcc63/root/6.24.06/b01/python/lib:/cvmfs/sw.el7/gcc63/root/6.24.06
start function declaration
mc file name: /lstore/cms/boletti/Run2-BdToKstarMuMu/2018MC_PSI_newphi_punzi_removeTkMu_fixBkg_B0Psicut_addxcutvariable.root
data file name: /lstore/cms/boletti/Run2-BdToKstarMuMu/2018data_newphi_punzi_removeTkMu_fixBkg_B0Psicut_addxcutvariable.root
reading data...
[#0] ERROR:InputArguments -- Didn't find a branch in Tree 'ntuple' to read variable 'weight' from.
	Note: Name the RooFit variable the same as the branch.
it worked :)
reading monte carlo...
dimuon selection:  keepPsiP
dimuon selection:  keepPsiP
dimuon selection:  keepPsiP
dimuon selection:  keepPsiP
dimuon selection:  keepPsiP
dimuon selection:  keepPsiP
dimuon selection:  keepPsiP
now fitting:  6  for  correctTag  
fitting the mc...
 **********
 **    1 **SET PRINT           1
 **********
 **********
 **    2 **SET NOGRAD
 **********
 PARAMETER DEFINITIONS:
    NO.   NAME         VALUE      STEP SIZE      LIMITS
     1 #alpha_{RT1}^{6}   1.50000e+00  7.50000e-01    0.00000e+00  1.00000e+01
     2 #alpha_{RT2}^{6}  -2.00000e+00  1.00000e+00   -1.00000e+01  0.00000e+00
     3 #sigma_{RT1}^{6}   2.80000e-02  1.40000e-02    0.00000e+00  1.00000e+00
     4 #sigma_{RT2}^{6}   4.80000e-02  2.40000e-02    0.00000e+00  1.00000e+00
     5 f^{RT6}      8.00000e-01  1.00000e-01    0.00000e+00  1.00000e+00
     6 mean_{RT}^{6}   5.27958e+00  3.97900e-02    5.20000e+00  5.80000e+00
     7 n_{RT1}^{6}   1.00000e+00  4.99500e-01    1.00000e-03  2.00000e+02
     8 n_{RT2}^{6}   1.00000e+00  4.99500e-01    1.00000e-03  2.00000e+02
 **********
 **    3 **SET ERR         0.5
 **********
 **********
 **    4 **SET PRINT           1
 **********
 **********
 **    5 **SET STR           1
 **********
 NOW USING STRATEGY  1: TRY TO BALANCE SPEED AGAINST RELIABILITY
 **********
 **    6 **MIGRAD        4000           1
 **********
 FIRST CALL TO USER FUNCTION AT NEW START POINT, WITH IFLAG=4.
 START MIGRAD MINIMIZATION.  STRATEGY  1.  CONVERGENCE WHEN EDM .LT. 1.00e-03
 FCN=-347762 FROM MIGRAD    STATUS=INITIATE       36 CALLS          37 TOTAL
                     EDM= unknown      STRATEGY= 1      NO ERROR MATRIX       
  EXT PARAMETER               CURRENT GUESS       STEP         FIRST   
  NO.   NAME      VALUE            ERROR          SIZE      DERIVATIVE 
   1  #alpha_{RT1}^{6}   1.50000e+00   7.50000e-01   2.16811e-01  -8.16858e+04
   2  #alpha_{RT2}^{6}  -2.00000e+00   1.00000e+00   2.57889e-01   1.18991e+04
   3  #sigma_{RT1}^{6}   2.80000e-02   1.40000e-02   8.78020e-02  -2.78353e+04
   4  #sigma_{RT2}^{6}   4.80000e-02   2.40000e-02   1.16111e-01   1.40787e+04
   5  f^{RT6}      8.00000e-01   1.00000e-01   2.57889e-01   5.18928e+03
   6  mean_{RT}^{6}   5.27958e+00   3.97900e-02   2.01879e-01  -5.57319e+04
   7  n_{RT1}^{6}   1.00000e+00   4.99500e-01   3.66720e-02  -2.06343e+05
   8  n_{RT2}^{6}   1.00000e+00   4.99500e-01   3.66720e-02  -1.74314e+04
                               ERR DEF= 0.5
 MIGRAD MINIMIZATION HAS CONVERGED.
 MIGRAD WILL VERIFY CONVERGENCE AND ERROR MATRIX.
 COVARIANCE MATRIX CALCULATED SUCCESSFULLY
 FCN=-359815 FROM MIGRAD    STATUS=CONVERGED     631 CALLS         632 TOTAL
                     EDM=0.000139761    STRATEGY= 1      ERROR MATRIX ACCURATE 
  EXT PARAMETER                                   STEP         FIRST   
  NO.   NAME      VALUE            ERROR          SIZE      DERIVATIVE 
   1  #alpha_{RT1}^{6}   1.23152e+00   4.26483e-02   1.27029e-03   3.79725e-01
   2  #alpha_{RT2}^{6}  -2.93967e+00   6.80138e-02   3.15775e-03  -2.06713e-01
   3  #sigma_{RT1}^{6}   2.47308e-02   4.05568e-04   3.45923e-04   1.83686e+00
   4  #sigma_{RT2}^{6}   4.05594e-02   2.58331e-04   2.15653e-04   7.49261e-01
   5  f^{RT6}      4.11215e-01   1.61257e-02   3.91790e-03  -1.56953e-01
   6  mean_{RT}^{6}   5.27948e+00   1.22332e-04   1.67129e-04   2.62407e+00
   7  n_{RT1}^{6}   7.16389e+00   6.84005e-01   2.50591e-03   3.32003e-01
   8  n_{RT2}^{6}   2.78412e+00   4.37220e-01   4.00192e-03   7.04581e-01
                               ERR DEF= 0.5
 EXTERNAL ERROR MATRIX.    NDIM=  25    NPAR=  8    ERR DEF=0.5
  1.819e-03 -1.082e-04  9.187e-06  6.945e-06  2.698e-04 -3.566e-06 -1.998e-02 -2.689e-04 
 -1.082e-04  4.626e-03  2.172e-06 -8.906e-07  6.705e-05  2.021e-07  3.672e-03  2.532e-02 
  9.187e-06  2.172e-06  1.645e-07  6.611e-08  5.687e-06 -1.142e-08  4.234e-05  4.658e-06 
  6.945e-06 -8.906e-07  6.611e-08  6.673e-08  3.274e-06 -9.814e-09 -1.226e-05 -2.817e-06 
  2.698e-04  6.705e-05  5.687e-06  3.274e-06  2.601e-04 -1.127e-07  3.242e-03  1.226e-04 
 -3.566e-06  2.021e-07 -1.142e-08 -9.814e-09 -1.127e-07  1.497e-08  4.525e-05  2.548e-07 
 -1.998e-02  3.672e-03  4.234e-05 -1.226e-05  3.242e-03  4.525e-05  4.679e-01  7.969e-03 
 -2.689e-04  2.532e-02  4.658e-06 -2.817e-06  1.226e-04  2.548e-07  7.969e-03  1.912e-01 
 PARAMETER  CORRELATION COEFFICIENTS  
       NO.  GLOBAL      1      2      3      4      5      6      7      8
        1  0.97175   1.000 -0.037  0.531  0.630  0.392 -0.683 -0.685 -0.014
        2  0.85973  -0.037  1.000  0.079 -0.051  0.061  0.024  0.079  0.851
        3  0.94751   0.531  0.079  1.000  0.631  0.869 -0.230  0.153  0.026
        4  0.91758   0.630 -0.051  0.631  1.000  0.786 -0.311 -0.069 -0.025
        5  0.95745   0.392  0.061  0.869  0.786  1.000 -0.057  0.294  0.017
        6  0.74160  -0.683  0.024 -0.230 -0.311 -0.057  1.000  0.541  0.005
        7  0.94396  -0.685  0.079  0.153 -0.069  0.294  0.541  1.000  0.027
        8  0.85556  -0.014  0.851  0.026 -0.025  0.017  0.005  0.027  1.000
 **********
 **    7 **SET ERR         0.5
 **********
 **********
 **    8 **SET PRINT           1
 **********
 **********
 **    9 **HESSE        4000
 **********
 COVARIANCE MATRIX CALCULATED SUCCESSFULLY
 FCN=-359815 FROM HESSE     STATUS=OK             61 CALLS         693 TOTAL
                     EDM=0.000146338    STRATEGY= 1      ERROR MATRIX ACCURATE 
  EXT PARAMETER                                INTERNAL      INTERNAL  
  NO.   NAME      VALUE            ERROR       STEP SIZE       VALUE   
   1  #alpha_{RT1}^{6}   1.23152e+00   4.98494e-02   5.08116e-05  -8.53667e-01
   2  #alpha_{RT2}^{6}  -2.93967e+00   6.99816e-02   1.26310e-04   4.24721e-01
   3  #sigma_{RT1}^{6}   2.47308e-02   4.24311e-04   1.38369e-05  -1.25496e+00
   4  #sigma_{RT2}^{6}   4.05594e-02   2.73167e-04   8.62611e-06  -1.16524e+00
   5  f^{RT6}      4.11215e-01   1.67291e-02   1.56716e-04  -1.78516e-01
   6  mean_{RT}^{6}   5.27948e+00   1.32836e-04   3.34258e-05  -8.25751e-01
   7  n_{RT1}^{6}   7.16389e+00   7.87332e-01   1.00237e-04  -1.19000e+00
   8  n_{RT2}^{6}   2.78412e+00   4.50239e-01   1.60077e-04  -1.33432e+00
                               ERR DEF= 0.5
 EXTERNAL ERROR MATRIX.    NDIM=  25    NPAR=  8    ERR DEF=0.5
  2.485e-03 -2.006e-04  1.141e-05  8.994e-06  3.222e-04 -4.898e-06 -2.942e-02 -6.331e-04 
 -2.006e-04  4.898e-03  1.577e-06 -1.365e-06  4.390e-05  3.543e-07  4.529e-03  2.710e-02 
  1.141e-05  1.577e-06  1.800e-07  7.648e-08  6.219e-06 -1.546e-08  2.320e-05  9.129e-07 
  8.994e-06 -1.365e-06  7.648e-08  7.462e-08  3.591e-06 -1.375e-08 -3.587e-05 -5.490e-06 
  3.222e-04  4.390e-05  6.219e-06  3.591e-06  2.800e-04 -2.005e-07  3.047e-03 -3.888e-05 
 -4.898e-06  3.543e-07 -1.546e-08 -1.375e-08 -2.005e-07  1.765e-08  6.477e-05  7.333e-07 
 -2.942e-02  4.529e-03  2.320e-05 -3.587e-05  3.047e-03  6.477e-05  6.200e-01  9.169e-03 
 -6.331e-04  2.710e-02  9.129e-07 -5.490e-06 -3.888e-05  7.333e-07  9.169e-03  2.027e-01 
 PARAMETER  CORRELATION COEFFICIENTS  
       NO.  GLOBAL      1      2      3      4      5      6      7      8
        1  0.97941   1.000 -0.057  0.539  0.660  0.386 -0.740 -0.749 -0.028
        2  0.86803  -0.057  1.000  0.053 -0.071  0.037  0.038  0.082  0.860
        3  0.95216   0.539  0.053  1.000  0.660  0.876 -0.274  0.069  0.005
        4  0.92663   0.660 -0.071  0.660  1.000  0.786 -0.379 -0.167 -0.045
        5  0.96053   0.386  0.037  0.876  0.786  1.000 -0.090  0.231 -0.005
        6  0.78634  -0.740  0.038 -0.274 -0.379 -0.090  1.000  0.619  0.012
        7  0.95800  -0.749  0.082  0.069 -0.167  0.231  0.619  1.000  0.026
        8  0.86433  -0.028  0.860  0.005 -0.045 -0.005  0.012  0.026  1.000
fit status:  0 3
doublecb_RT6  -----> plotting  
Info in <TCanvas::MakeDefCanvas>:  created default TCanvas with name c1
cbshape_RT1_6  -----> plotting  
cbshape_RT2_6  -----> plotting  
setting nRT to  192011.0
Info in <TCanvas::Print>: pdf file fit_results_mass_checkOnMC/newbdt_puw/save_fit_mc_6_2018_RT_newSigmaFRT_asInANv8.pdf has been created
now fitting:  6  for   wrongTag
fitting the mc...
 **********
 **    1 **SET PRINT           1
 **********
 **********
 **    2 **SET NOGRAD
 **********
 PARAMETER DEFINITIONS:
    NO.   NAME         VALUE      STEP SIZE      LIMITS
     1 #alpha_{WT1}^{6}   5.00000e-01  2.50000e-01    0.00000e+00  1.00000e+01
     2 #alpha_{WT2}^{6}   2.50000e+00  1.00000e+00    0.00000e+00  1.00000e+01
     3 #sigma_{WT1}^{6}   3.00000e-02  1.50000e-02    0.00000e+00  1.00000e+00
     4 mean_{WT}^{6}   5.27958e+00  1.00000e-01    5.00000e+00  6.00000e+00
     5 n_{WT1}^{6}   1.00000e+00  4.95000e-01    1.00000e-02  1.00000e+02
     6 n_{WT2}^{6}   1.00000e+00  4.95000e-01    1.00000e-02  1.00000e+02
 **********
 **    3 **SET ERR         0.5
 **********
 **********
 **    4 **SET PRINT           1
 **********
 **********
 **    5 **SET STR           1
 **********
 NOW USING STRATEGY  1: TRY TO BALANCE SPEED AGAINST RELIABILITY
 **********
 **    6 **MIGRAD        3000           1
 **********
 FIRST CALL TO USER FUNCTION AT NEW START POINT, WITH IFLAG=4.
 START MIGRAD MINIMIZATION.  STRATEGY  1.  CONVERGENCE WHEN EDM .LT. 1.00e-03
 FCN=-23164.4 FROM MIGRAD    STATUS=INITIATE       24 CALLS          25 TOTAL
                     EDM= unknown      STRATEGY= 1      NO ERROR MATRIX       
  EXT PARAMETER               CURRENT GUESS       STEP         FIRST   
  NO.   NAME      VALUE            ERROR          SIZE      DERIVATIVE 
   1  #alpha_{WT1}^{6}   5.00000e-01   2.50000e-01   1.18625e-01  -2.73772e+04
   2  #alpha_{WT2}^{6}   2.50000e+00   1.00000e+00   2.35352e-01   1.82688e+04
   3  #sigma_{WT1}^{6}   3.00000e-02   1.50000e-02   9.09734e-02  -5.93186e+04
   4  mean_{WT}^{6}   5.27958e+00   1.00000e-01   2.26180e-01  -1.09005e+05
   5  n_{WT1}^{6}   1.00000e+00   4.95000e-01   5.17524e-02  -5.05491e+04
   6  n_{WT2}^{6}   1.00000e+00   4.95000e-01   5.17524e-02   1.32072e+04
                               ERR DEF= 0.5
 MIGRAD MINIMIZATION HAS CONVERGED.
 MIGRAD WILL VERIFY CONVERGENCE AND ERROR MATRIX.
 COVARIANCE MATRIX CALCULATED SUCCESSFULLY
 FCN=-32762.5 FROM HESSE     STATUS=OK             44 CALLS         365 TOTAL
                     EDM=0.0174587    STRATEGY= 1      ERROR MATRIX ACCURATE 
  EXT PARAMETER                                   STEP         FIRST   
  NO.   NAME      VALUE            ERROR          SIZE      DERIVATIVE 
   1  #alpha_{WT1}^{6}   9.88794e-01   3.71454e-02   4.01775e-04   5.01046e-01
   2  #alpha_{WT2}^{6}   1.32894e+00   6.58957e-02   6.07321e-04   5.08438e-01
   3  #sigma_{WT1}^{6}   5.32547e-02   9.04291e-04   1.73483e-04  -2.45456e+00
   4  mean_{WT}^{6}   5.27529e+00   5.73369e-04   1.13385e-04  -1.31180e-02
   5  n_{WT1}^{6}   1.03095e+01   1.93262e+00   3.11146e-03  -4.21730e-02
   6  n_{WT2}^{6}   2.01242e+01   8.73353e+00   9.91065e-03  -8.78290e-01
                               ERR DEF= 0.5
 MIGRAD MINIMIZATION HAS CONVERGED.
 FCN=-32762.5 FROM MIGRAD    STATUS=CONVERGED     378 CALLS         379 TOTAL
                     EDM=9.2767e-05    STRATEGY= 1  ERROR MATRIX UNCERTAINTY   9.1 per cent
  EXT PARAMETER                                   STEP         FIRST   
  NO.   NAME      VALUE            ERROR          SIZE      DERIVATIVE 
   1  #alpha_{WT1}^{6}   9.90078e-01   3.68354e-02   4.30049e-04   2.85633e-01
   2  #alpha_{WT2}^{6}   1.33674e+00   5.93788e-02   2.29602e-03  -2.18645e+00
   3  #sigma_{WT1}^{6}   5.33097e-02   8.81824e-04   2.44753e-04   3.94404e+00
   4  mean_{WT}^{6}   5.27530e+00   5.71517e-04   2.74643e-05   3.38646e+00
   5  n_{WT1}^{6}   1.02916e+01   1.92934e+00  -5.89092e-04   6.72391e-03
   6  n_{WT2}^{6}   1.89404e+01   7.17159e+00   2.98720e-02   1.65461e-01
                               ERR DEF= 0.5
 EXTERNAL ERROR MATRIX.    NDIM=  25    NPAR=  6    ERR DEF=0.5
  1.357e-03  1.098e-03  2.427e-05 -1.140e-05 -5.871e-02  6.538e-02 
  1.098e-03  3.526e-03  3.905e-05  8.359e-07 -2.410e-02  3.605e-01 
  2.427e-05  3.905e-05  7.776e-07 -1.699e-07 -6.079e-04  2.544e-03 
 -1.140e-05  8.359e-07 -1.699e-07  3.266e-07  4.437e-04  5.159e-04 
 -5.871e-02 -2.410e-02 -6.079e-04  4.437e-04  3.727e+00 -1.249e+00 
  6.538e-02  3.605e-01  2.544e-03  5.159e-04 -1.249e+00  5.202e+01 
 PARAMETER  CORRELATION COEFFICIENTS  
       NO.  GLOBAL      1      2      3      4      5      6
        1  0.96544   1.000  0.502  0.747 -0.542 -0.826  0.246
        2  0.96081   0.502  1.000  0.746  0.025 -0.210  0.842
        3  0.93564   0.747  0.746  1.000 -0.337 -0.357  0.400
        4  0.70545  -0.542  0.025 -0.337  1.000  0.402  0.125
        5  0.91953  -0.826 -0.210 -0.357  0.402  1.000 -0.090
        6  0.91355   0.246  0.842  0.400  0.125 -0.090  1.000
 **********
 **    7 **SET ERR         0.5
 **********
 **********
 **    8 **SET PRINT           1
 **********
 **********
 **    9 **HESSE        3000
 **********
 COVARIANCE MATRIX CALCULATED SUCCESSFULLY
 FCN=-32762.5 FROM HESSE     STATUS=OK             44 CALLS         423 TOTAL
                     EDM=0.000119217    STRATEGY= 1      ERROR MATRIX ACCURATE 
  EXT PARAMETER                                INTERNAL      INTERNAL  
  NO.   NAME      VALUE            ERROR       STEP SIZE       VALUE   
   1  #alpha_{WT1}^{6}   9.90078e-01   3.73924e-02   4.01764e-04  -9.30610e-01
   2  #alpha_{WT2}^{6}   1.33674e+00   6.25496e-02   6.07350e-04  -8.22209e-01
   3  #sigma_{WT1}^{6}   5.33097e-02   8.85165e-04   1.73469e-04  -1.10481e+00
   4  mean_{WT}^{6}   5.27530e+00   5.73653e-04   4.53540e-05  -4.66086e-01
   5  n_{WT1}^{6}   1.02916e+01   1.96292e+00   1.24458e-03  -9.17932e-01
   6  n_{WT2}^{6}   1.89404e+01   7.30285e+00   9.91441e-03  -2.47112e+00
                               ERR DEF= 0.5
 EXTERNAL ERROR MATRIX.    NDIM=  25    NPAR=  6    ERR DEF=0.5
  1.398e-03  1.159e-03  2.469e-05 -1.157e-05 -6.107e-02  7.004e-02 
  1.159e-03  3.913e-03  4.114e-05  1.378e-06 -2.572e-02  3.949e-01 
  2.469e-05  4.114e-05  7.835e-07 -1.679e-07 -6.307e-04  2.735e-03 
 -1.157e-05  1.378e-06 -1.679e-07  3.291e-07  4.584e-04  5.694e-04 
 -6.107e-02 -2.572e-02 -6.307e-04  4.584e-04  3.858e+00 -1.337e+00 
  7.004e-02  3.949e-01  2.735e-03  5.694e-04 -1.337e+00  5.396e+01 
 PARAMETER  CORRELATION COEFFICIENTS  
       NO.  GLOBAL      1      2      3      4      5      6
        1  0.96640   1.000  0.495  0.746 -0.539 -0.831  0.255
        2  0.96408   0.495  1.000  0.743  0.038 -0.209  0.859
        3  0.93583   0.746  0.743  1.000 -0.331 -0.363  0.421
        4  0.70807  -0.539  0.038 -0.331  1.000  0.407  0.135
        5  0.92260  -0.831 -0.209 -0.363  0.407  1.000 -0.093
        6  0.92352   0.255  0.859  0.421  0.135 -0.093  1.000
Info in <TCanvas::Print>: pdf file fit_results_mass_checkOnMC/newbdt_puw/save_fit_mc_6_2018_WT_newSigmaFRT_asInANv8.pdf has been created
fit status:  0 3
doublecb_6  -----> plotting  
setting nWT to  27944.0
mistag fraction on MC for bin  6  :  0.127044168125 +/- 0.276142986869
constraining var #sigma_{RT1}^{6} :  0.0247308212678  with uncertainty  0.000424311375909
constraining var #alpha_{RT1}^{6} :  1.23152084971  with uncertainty  0.0498494481882
constraining var #alpha_{RT2}^{6} :  -2.93966626712  with uncertainty  0.0699816048141
constraining var n_{RT1}^{6} :  7.16389392052  with uncertainty  0.787331738226
constraining var n_{RT2}^{6} :  2.78412192348  with uncertainty  0.450239196734
constraining var #sigma_{WT1}^{6} :  0.0533097081932  with uncertainty  0.000885164819812
constraining var #alpha_{WT1}^{6} :  0.990078432382  with uncertainty  0.037392425922
constraining var #alpha_{WT2}^{6} :  1.33674402432  with uncertainty  0.0625496318276
constraining var n_{WT1}^{6} :  10.29162669  with uncertainty  1.96291613787
constraining var n_{WT2}^{6} :  18.9403999394  with uncertainty  7.30285246499
constraining var #sigma_{RT2}^{6} :  0.0405594037403  with uncertainty  0.000273167415848
constraining var f^{RT6} :  0.411215379323  with uncertainty  0.0167291256731
219955.0
here 0
here 1
total pdf created
Minuit2Minimizer: Minimize with max-calls 8500 convergence for edm < 1 strategy 2
Info in <Minuit2>: MnSeedGenerator Initial state: FCN =       213066.2083 Edm =       304040.7262 NCalls =     53
Info in <Minuit2>: MnSeedGenerator Negative G2 found - new state: 
  Minimum value : 160498.4623
  Edm           : 256364.0083
  Internal parameters:
     -1.556102968
     0.4247211764
    -0.9306097373
     -0.822209182
     -1.254964568
     -1.165235288
     -1.104813882
     -0.594494435
      1.562713443
    -0.8419025663
    -0.8257514169
     -1.190004669
     -1.334316211
    -0.9179316992
    -0.6704697728
     -1.485490177
      1.571260003
  Internal gradient  :
      24212.04716
   -0.03467586063
    0.05137490322
     0.0411919723
      21916.65852
     -1.037152962
    0.07608714227
      312598.6161
     -187.8737523
    0.04285446617
      24938.84562
     0.6913865085
     0.1669239023
    0.05003269355
    0.03033968165
      7946.438849
     0.1452741846
  Internal covariance matrix:
  1.2207687e-06              0              0              0              0              0              0              0              0              0              0              0              0              0              0              0              0
              0  0.00047195839              0              0              0              0              0              0              0              0              0              0              0              0              0              0              0
              0              0  0.00031347727              0              0              0              0              0              0              0              0              0              0              0              0              0              0
              0              0              0  0.00067569484              0              0              0              0              0              0              0              0              0              0              0              0              0
              0              0              0              0   9.227135e-06              0              0              0              0              0              0              0              0              0              0              0              0
              0              0              0              0              0  3.8352089e-06              0              0              0              0              0              0              0              0              0              0              0
              0              0              0              0              0              0  3.1050151e-05              0              0              0              0              0              0              0              0              0              0
              0              0              0              0              0              0              0  9.3763057e-06              0              0              0              0              0              0              0              0              0
              0              0              0              0              0              0              0              0  8.6021401e-05              0              0              0              0              0              0              0              0
              0              0              0              0              0              0              0              0              0  2.1820684e-05              0              0              0              0              0              0              0
              0              0              0              0              0              0              0              0              0              0  0.00016542653              0              0              0              0              0              0
              0              0              0              0              0              0              0              0              0              0              0  0.00089942467              0              0              0              0              0
              0              0              0              0              0              0              0              0              0              0              0              0  0.00073861897              0              0              0              0
              0              0              0              0              0              0              0              0              0              0              0              0              0   0.0083545989              0              0              0
              0              0              0              0              0              0              0              0              0              0              0              0              0              0    0.069543146              0              0
              0              0              0              0              0              0              0              0              0              0              0              0              0              0              0  1.8781377e-05              0
              0              0              0              0              0              0              0              0              0              0              0              0              0              0              0              0   0.0063837605
Minuit2:0: RuntimeWarning: MnPosDef Matrix forced pos-def by adding to diagonal 0.0718114
Info in <Minuit2>: MnSeedGenerator run Hesse - new state: 
  Minimum value : 160498.4623
  Edm           : 21711991.86
  Internal parameters:
     -1.556102968
     0.4247211764
    -0.9306097373
     -0.822209182
     -1.254964568
     -1.165235288
     -1.104813882
     -0.594494435
      1.562713443
    -0.8419025663
    -0.8257514169
     -1.190004669
     -1.334316211
    -0.9179316992
    -0.6704697728
     -1.485490177
      1.571260003
  Internal gradient  :
      24212.06172
   -0.01739772161
   3.67636835e-06
  6.589285586e-05
      21916.61947
     -1.126132388
  5.006260019e-06
      312598.6342
     -187.8724879
  6.847755811e-05
      24938.97149
     0.5954722186
   0.008140140983
  3.255451265e-06
   4.85757752e-05
      7946.454208
      0.145261246
  Internal covariance matrix:
  6.9414606e-06  -2.464914e-09   3.558285e-13 -2.4294441e-13  4.5734445e-05  -5.811998e-09  -4.208445e-14  -0.0001116164 -1.6302513e-06  3.5872175e-14  0.00046339438 -3.6897407e-07   3.914459e-09  7.0271592e-13  4.7934309e-12 -1.0947957e-05 -7.5923744e-07
  -2.464914e-09  0.00044033724  1.2717868e-13 -1.8669567e-13 -1.9379079e-08 -1.1836998e-10   3.339235e-17  4.7997219e-08 -6.9027757e-08 -6.7191257e-14 -2.0018295e-07  1.2473897e-10 -2.2221499e-08 -1.3147449e-12 -2.7675006e-15  3.1846547e-09  3.0091241e-10
   3.558285e-13  1.2717868e-13  0.00029247429 -1.6324455e-20  2.8529789e-12 -1.1843101e-14  3.2659232e-14 -6.9948475e-12 -1.0202087e-13  2.7378419e-14  2.9125766e-11 -1.7810365e-14 -1.5905016e-13  5.3571893e-13  1.5456144e-12 -6.6127529e-13 -5.2121584e-13
 -2.4294441e-13 -1.8669567e-13 -1.6324455e-20  0.00063042328 -1.9793768e-12  1.7179613e-14   4.794886e-14   4.923197e-12 -9.0119991e-14 -4.0195794e-14 -2.0533694e-11  1.2122097e-14  2.3360353e-13 -7.8651905e-13 -2.2692032e-12  4.4470008e-13  7.2874162e-13
  4.5734445e-05 -1.9379079e-08  2.8529789e-12 -1.9793768e-12  0.00036160022 -4.5809113e-08 -3.2777886e-13 -0.00087468529 -1.2705442e-05   2.793969e-13    0.003636553  -2.295142e-06  3.0739852e-08  5.4719782e-12  3.7664491e-11 -8.6057201e-05 -5.9678406e-06
  -5.811998e-09 -1.1836998e-10 -1.1843101e-14  1.7179613e-14 -4.5809113e-08  3.5782715e-06  5.0045944e-17  1.1206022e-07 -3.3994948e-08 -2.9587418e-17 -4.6655838e-07  2.9261136e-10  1.1845871e-10 -5.7957568e-16 -5.1747869e-15  1.0429403e-08  7.3287036e-10
  -4.208445e-14   3.339235e-17  3.2659232e-14   4.794886e-14 -3.2777886e-13  5.0045944e-17  2.8969791e-05  8.2917558e-13 -5.1314955e-15 -2.7294502e-22 -3.4363899e-12 -5.3186681e-14 -3.9211853e-17 -5.2257414e-21 -3.5593956e-20  8.0555524e-14  5.5875898e-15
  -0.0001116164  4.7997219e-08 -6.9948475e-12   4.923197e-12 -0.00087468529  1.1206022e-07  8.2917558e-13   0.0021724242  3.1887364e-05 -7.0669255e-13   -0.009014975  5.6354507e-06 -7.6201341e-08 -1.3840181e-11 -9.2825731e-11  0.00021217535  1.4715308e-05
 -1.6302513e-06 -6.9027757e-08 -1.0202087e-13 -9.0119991e-14 -1.2705442e-05 -3.3994948e-08 -5.1314955e-15  3.1887364e-05  8.0729272e-05 -2.5011783e-14 -0.00013247828   8.254442e-08   4.580146e-08 -4.8958901e-13 -5.3550481e-13   3.210809e-06  2.2125781e-07
  3.5872175e-14 -6.7191257e-14  2.7378419e-14 -4.0195794e-14   2.793969e-13 -2.9587418e-17 -2.7294502e-22 -7.0669255e-13 -2.5011783e-14  2.0358698e-05  2.9288965e-12  4.4556686e-14  1.9625216e-17 -2.8268196e-13  3.0322917e-20  -6.869692e-14  -4.764523e-15
  0.00046339438 -2.0018295e-07  2.9125766e-11 -2.0533694e-11    0.003636553 -4.6655838e-07 -3.4363899e-12   -0.009014975 -0.00013247828  2.9288965e-12    0.037569621 -2.3410534e-05  3.1767895e-07  5.7360927e-11  3.8540977e-10 -0.00088382018 -6.1297841e-05
 -3.6897407e-07  1.2473897e-10 -1.7810365e-14  1.2122097e-14  -2.295142e-06  2.9261136e-10 -5.3186681e-14  5.6354507e-06   8.254442e-08  4.4556686e-14 -2.3410534e-05  0.00083918314 -1.9804259e-10 -9.4306686e-13  2.3764815e-12  5.5227818e-07  3.8301818e-08
   3.914459e-09 -2.2221499e-08 -1.5905016e-13  2.3360353e-13  3.0739852e-08  1.1845871e-10 -3.9211853e-17 -7.6201341e-08   4.580146e-08  1.9625216e-17  3.1767895e-07 -1.9804259e-10  0.00068913153  3.8443879e-16  3.7388899e-15 -6.8632703e-09  -5.164223e-10
  7.0271592e-13 -1.3147449e-12  5.3571893e-13 -7.8651905e-13  5.4719782e-12 -5.7957568e-16 -5.2257414e-21 -1.3840181e-11 -4.8958901e-13 -2.8268196e-13  5.7360927e-11 -9.4306686e-13  3.8443879e-16   0.0077948407  5.8819486e-19 -1.3454006e-12   -9.33112e-14
  4.7934309e-12 -2.7675006e-15  1.5456144e-12 -2.2692032e-12  3.7664491e-11 -5.1747869e-15 -3.5593956e-20 -9.2825731e-11 -5.3550481e-13  3.0322917e-20  3.8540977e-10  2.3764815e-12  3.7388899e-15  5.8819486e-19    0.064883754 -9.0843285e-12 -6.3003469e-13
 -1.0947957e-05  3.1846547e-09 -6.6127529e-13  4.4470008e-13 -8.6057201e-05  1.0429403e-08  8.0555524e-14  0.00021217535   3.210809e-06  -6.869692e-14 -0.00088382018  5.5227818e-07 -6.8632703e-09 -1.3454006e-12 -9.0843285e-12  3.8343963e-05 -2.1685861e-06
 -7.5923744e-07  3.0091241e-10 -5.2121584e-13  7.2874162e-13 -5.9678406e-06  7.3287036e-10  5.5875898e-15  1.4715308e-05  2.2125781e-07  -4.764523e-15 -6.1297841e-05  3.8301818e-08  -5.164223e-10   -9.33112e-14 -6.3003469e-13 -2.1685861e-06   0.0059568933
Info in <Minuit2>: VariableMetricBuilder Start iterating until Edm is < 0.001 with call limit = 8500
Info in <Minuit2>: VariableMetricBuilder    0 - FCN =       160498.4623 Edm =       21711991.86 NCalls =    450
Minuit2:0: RuntimeWarning: DavidonErrorUpdator delgam < 0 : first derivatives increasing along search line
Info in <Minuit2>: VariableMetricBuilder    1 - FCN =       124448.9264 Edm =        31042646.6 NCalls =    505
Info in <Minuit2>: VariableMetricBuilder    2 - FCN =      -669.1726378 Edm =       8289.889607 NCalls =    557
Info in <Minuit2>: VariableMetricBuilder    3 - FCN =      -1650.480859 Edm =       203.2630259 NCalls =    601
Info in <Minuit2>: VariableMetricBuilder    4 - FCN =      -1855.147038 Edm =       30.54141756 NCalls =    648
Info in <Minuit2>: VariableMetricBuilder    5 - FCN =      -1890.247305 Edm =       10.60073398 NCalls =    686
Info in <Minuit2>: VariableMetricBuilder    6 - FCN =      -2498.335149 Edm =       53.45801421 NCalls =    738
Info in <Minuit2>: VariableMetricBuilder    7 - FCN =      -2498.523331 Edm =       21.92826735 NCalls =    774
Info in <Minuit2>: VariableMetricBuilder    8 - FCN =      -2525.934701 Edm =       19.92010949 NCalls =    815
Info in <Minuit2>: VariableMetricBuilder    9 - FCN =      -2551.678859 Edm =       12.80477662 NCalls =    853
Info in <Minuit2>: VariableMetricBuilder   10 - FCN =      -2562.902656 Edm =      0.3322494675 NCalls =    891
Info in <Minuit2>: VariableMetricBuilder   11 - FCN =      -2563.340391 Edm =       0.045962606 NCalls =    929
Info in <Minuit2>: VariableMetricBuilder   12 - FCN =      -2563.517012 Edm =     0.02324562817 NCalls =    967
Info in <Minuit2>: VariableMetricBuilder   13 - FCN =      -2563.622847 Edm =     0.09866279307 NCalls =   1005
Info in <Minuit2>: VariableMetricBuilder   14 - FCN =      -2894.905769 Edm =        241.951669 NCalls =   1056
Info in <Minuit2>: VariableMetricBuilder   15 - FCN =       -2896.52689 Edm =       17.69042887 NCalls =   1094
Info in <Minuit2>: VariableMetricBuilder   16 - FCN =      -2898.346304 Edm =      0.3530792797 NCalls =   1132
Info in <Minuit2>: VariableMetricBuilder   17 - FCN =      -2899.784242 Edm =       1.684542573 NCalls =   1170
Info in <Minuit2>: VariableMetricBuilder   18 - FCN =      -2931.720038 Edm =       25.03352307 NCalls =   1216
Info in <Minuit2>: VariableMetricBuilder   19 - FCN =      -3088.516775 Edm =       70.91408319 NCalls =   1262
Info in <Minuit2>: VariableMetricBuilder   20 - FCN =      -3177.923219 Edm =       4.751594842 NCalls =   1308
Info in <Minuit2>: VariableMetricBuilder   21 - FCN =      -3182.572356 Edm =      0.1656366952 NCalls =   1346
Info in <Minuit2>: VariableMetricBuilder   22 - FCN =      -3182.824165 Edm =      0.1441860926 NCalls =   1386
Info in <Minuit2>: VariableMetricBuilder   23 - FCN =      -3184.456354 Edm =       0.328234382 NCalls =   1428
Info in <Minuit2>: VariableMetricBuilder   24 - FCN =      -3184.510254 Edm =      0.1099059414 NCalls =   1464
Info in <Minuit2>: VariableMetricBuilder   25 - FCN =      -3184.603835 Edm =       0.065181887 NCalls =   1505
Info in <Minuit2>: VariableMetricBuilder   26 - FCN =      -3185.249153 Edm =      0.1019521552 NCalls =   1543
Info in <Minuit2>: VariableMetricBuilder   27 - FCN =      -3185.360907 Edm =    0.002060461145 NCalls =   1579
Info in <Minuit2>: VariableMetricBuilder   28 - FCN =      -3185.364728 Edm =    0.001698282807 NCalls =   1615
Info in <Minuit2>: VariableMetricBuilder   29 - FCN =      -3185.400028 Edm =     0.05194597633 NCalls =   1653
Minuit2:0: RuntimeWarning: DavidonErrorUpdator delgam < 0 : first derivatives increasing along search line
Info in <Minuit2>: VariableMetricBuilder   30 - FCN =      -3296.174889 Edm =       336.7171925 NCalls =   1705
Minuit2:0: RuntimeWarning: VariableMetricBuilder Matrix not pos.def, gdel = 47.3083 > 0
Minuit2:0: RuntimeWarning: MnPosDef non-positive diagonal element in covariance matrix[ 0 ] = -5.88684e-05
Minuit2:0: RuntimeWarning: MnPosDef non-positive diagonal element in covariance matrix[ 7 ] = -1.34513e-06
Minuit2:0: RuntimeWarning: MnPosDef non-positive diagonal element in covariance matrix[ 10 ] = -0.008723
Minuit2:0: RuntimeWarning: MnPosDef non-positive diagonal element in covariance matrix[ 15 ] = -1.83192e-06
Minuit2:0: RuntimeWarning: MnPosDef Added to diagonal of Error matrix a value 0.508724
Minuit2:0: RuntimeWarning: VariableMetricBuilder gdel = -3.62989e+07
Info in <Minuit2>: VariableMetricBuilder   31 - FCN =      -3495.265759 Edm =       16007692.45 NCalls =   1761
Info in <Minuit2>: VariableMetricBuilder   32 - FCN =       -3551.13762 Edm =       1144048.277 NCalls =   1812
Info in <Minuit2>: VariableMetricBuilder   33 - FCN =      -3553.325123 Edm =       204260.0056 NCalls =   1852
Info in <Minuit2>: VariableMetricBuilder   34 - FCN =      -3555.365148 Edm =       68901.29728 NCalls =   1892
Info in <Minuit2>: VariableMetricBuilder   35 - FCN =      -3569.661769 Edm =       27635.36162 NCalls =   1931
Info in <Minuit2>: VariableMetricBuilder   36 - FCN =       -3701.18776 Edm =        6270.75898 NCalls =   1978
Info in <Minuit2>: VariableMetricBuilder   37 - FCN =      -3702.850442 Edm =       52236.69078 NCalls =   2023
Info in <Minuit2>: VariableMetricBuilder   38 - FCN =      -3703.167652 Edm =       8819.946294 NCalls =   2061
Info in <Minuit2>: VariableMetricBuilder   39 - FCN =      -3705.438566 Edm =       542.8440653 NCalls =   2101
Info in <Minuit2>: VariableMetricBuilder   40 - FCN =      -3705.776374 Edm =        8387.23803 NCalls =   2141
Info in <Minuit2>: VariableMetricBuilder   41 - FCN =      -3707.088568 Edm =       302.9386313 NCalls =   2182
Info in <Minuit2>: VariableMetricBuilder   42 - FCN =      -3708.264377 Edm =       154.6620649 NCalls =   2223
Info in <Minuit2>: VariableMetricBuilder   43 - FCN =      -3714.662242 Edm =       615.9806774 NCalls =   2263
Info in <Minuit2>: VariableMetricBuilder   44 - FCN =      -3714.835796 Edm =       284.8319568 NCalls =   2300
Info in <Minuit2>: VariableMetricBuilder   45 - FCN =      -3715.358191 Edm =        715.795412 NCalls =   2337
Info in <Minuit2>: VariableMetricBuilder   46 - FCN =      -3719.850656 Edm =       860.8989066 NCalls =   2377
Info in <Minuit2>: VariableMetricBuilder   47 - FCN =      -3822.190391 Edm =       83.16365629 NCalls =   2420
Info in <Minuit2>: VariableMetricBuilder   48 - FCN =      -3860.176841 Edm =       119.3571534 NCalls =   2463
Info in <Minuit2>: VariableMetricBuilder   49 - FCN =      -3861.224045 Edm =        64.5120338 NCalls =   2502
Info in <Minuit2>: VariableMetricBuilder   50 - FCN =      -3878.364669 Edm =       46.54482894 NCalls =   2546
Info in <Minuit2>: VariableMetricBuilder   51 - FCN =      -3880.755862 Edm =       17.96482738 NCalls =   2586
Info in <Minuit2>: VariableMetricBuilder   52 - FCN =      -3885.985748 Edm =       2.066658281 NCalls =   2628
Info in <Minuit2>: VariableMetricBuilder   53 - FCN =      -3887.800901 Edm =      0.1008946064 NCalls =   2666
Info in <Minuit2>: VariableMetricBuilder   54 - FCN =      -3887.927992 Edm =     0.01263583746 NCalls =   2702
Info in <Minuit2>: VariableMetricBuilder   55 - FCN =      -3887.952988 Edm =    0.000633338739 NCalls =   2738
Info in <Minuit2>: VariableMetricBuilder After Hessian
Info in <Minuit2>: VariableMetricBuilder   56 - FCN =      -3887.952988 Edm =   0.0007738705879 NCalls =   2945
Minuit2Minimizer : Valid minimum - status = 0
FVAL  = -3887.95298803142805
Edm   = 0.000773870587936545439
Nfcn  = 2945
#alpha_{RT1}^{6}	  = 1.233	 +/-  0.0496031	(limited)
#alpha_{RT2}^{6}	  = -2.93714	 +/-  0.0702064	(limited)
#alpha_{WT1}^{6}	  = 0.989954	 +/-  0.0373925	(limited)
#alpha_{WT2}^{6}	  = 1.33656	 +/-  0.0625479	(limited)
#sigma_{RT1}^{6}	  = 0.0247332	 +/-  0.000420729	(limited)
#sigma_{RT2}^{6}	  = 0.0405884	 +/-  0.000272377	(limited)
#sigma_{WT1}^{6}	  = 0.0533098	 +/-  0.000885162	(limited)
Yield	  = 428.977	 +/-  22.5704	(limited)
f^{RT6}	  = 0.40908	 +/-  0.0165635	(limited)
f_{M}^{6}	  = 0.127044	 +/-  0.0011	(limited)
mean_{RT}^{6}	  = 5.27828	 +/-  0.00196958	(limited)
n_{RT1}^{6}	  = 7.19498	 +/-  0.782043	(limited)
n_{RT2}^{6}	  = 2.7873	 +/-  0.449757	(limited)
n_{WT1}^{6}	  = 10.3019	 +/-  1.96112	(limited)
n_{WT2}^{6}	  = 18.8956	 +/-  7.26385	(limited)
nbkg	  = 263.304	 +/-  26.1454	(limited)
slope	  = -4.94213	 +/-  0.657221	(limited)
Info in <Minuit2>: Minuit2Minimizer::Hesse Using max-calls 8500
Info in <Minuit2>: Minuit2Minimizer::Hesse Hesse is valid - matrix is accurate
fit with Hesse strategy 2 done, now Minos
Minuit2Minimizer: Minimize with max-calls 8500 convergence for edm < 1 strategy 2
Info in <Minuit2>: MnSeedGenerator Initial state: FCN =      -3887.952988 Edm =   0.0008125698324 NCalls =     35
Info in <Minuit2>: MnSeedGenerator run Hesse - new state: 
  Minimum value : -3887.952988
  Edm           : 0.0007732301773
  Internal parameters:
    -0.8532168603
     0.4252767801
    -0.9306512508
    -0.8222625605
     -1.254949117
     -1.165088568
     -1.104813588
     -1.529369868
    -0.1828571147
    -0.8419033819
    -0.8316831391
     -1.189169174
     -1.334180523
    -0.9175943781
    -0.6716127926
     -1.527032831
    -0.5169293765
  Internal gradient  :
   -0.08657176041
     0.0527449027
    -0.2647855938
    -0.1579425477
     0.7631248434
     -1.115060658
    0.01895934829
      4.246121794
    0.02158169883
   -0.07471280387
     -3.113233521
    -0.5914335425
     0.3969405521
    0.08085079498
   -0.03281270261
       7.31543035
     0.1870916817
  Internal covariance matrix:
  0.00045524232 -2.6614946e-07  -8.791182e-16  1.2101197e-13  1.3749342e-06  2.0698869e-07  2.5932874e-14 -9.0743771e-07 -7.3275186e-06  2.1748673e-14  -2.260404e-05 -4.7156019e-06  1.0033518e-07  9.4179371e-15  1.2142837e-12  2.0446137e-06   3.537201e-05
 -2.6614946e-07  0.00047523629  9.7269024e-14 -1.1409221e-16  3.6745183e-08  1.1167261e-08  9.9965646e-17  3.0766767e-07 -1.7971923e-06 -2.0505018e-17  1.6577886e-07 -1.4383502e-07 -1.2392626e-06 -5.0182053e-13   4.680802e-15 -2.2380141e-07 -4.1696405e-05
  -8.791182e-16  9.7269024e-14  0.00031353013  1.1285709e-13   1.657439e-14  1.7427516e-14  2.4194677e-14  8.5705271e-15 -2.1289953e-13   2.028305e-14  5.0000003e-15 -1.3621974e-15  1.1558198e-13 -6.4411049e-22  1.1328941e-12  1.1081096e-15 -6.1100499e-13
  1.2101197e-13 -1.1409221e-16  1.1285709e-13  0.00067581059  2.7417834e-16  1.2890748e-14  4.0681019e-23  1.0897794e-15  2.9787772e-15  6.3136225e-23  7.6131247e-14  1.8132217e-13  3.4492313e-13  5.8017917e-13  1.9048523e-21 -1.7942387e-14  1.2205197e-13
  1.3749342e-06  3.6745183e-08   1.657439e-14  2.7417834e-16  1.4676491e-05 -4.8189865e-08  6.1580825e-17  9.1297781e-08  2.8338146e-06  4.9276242e-17  -1.045788e-06   4.410818e-07 -2.7903285e-08 -8.6354034e-14  2.8834671e-15 -2.0424758e-07  -3.777901e-06
  2.0698869e-07  1.1167261e-08  1.7427516e-14  1.2890748e-14 -4.8189865e-08   3.810287e-06  2.7611545e-15   8.685919e-08  6.5282802e-07  2.3167679e-15  2.2885015e-07  8.7970576e-08  2.3971245e-08 -2.4083757e-15  1.2928859e-13 -1.2072348e-07 -8.3791943e-06
  2.5932874e-14  9.9965646e-17  2.4194677e-14  4.0681019e-23  6.1580825e-17  2.7611545e-15   3.105012e-05   2.532977e-16  5.7324758e-16  1.0420077e-23  1.6280365e-14  3.8866251e-14  1.6063014e-17 -1.2438074e-13  5.8192983e-22 -3.8579397e-15  2.3479983e-14
 -9.0743771e-07  3.0766767e-07  8.5705271e-15  1.0897794e-15  9.1297781e-08   8.685919e-08   2.532977e-16  2.3749895e-06 -1.6334237e-06  1.9585877e-16  7.8985374e-08 -6.6812804e-07 -1.9588318e-07 -4.2394335e-14  1.1860438e-14 -6.1594255e-07 -2.9941181e-05
 -7.3275186e-06 -1.7971923e-06 -2.1289953e-13  2.9787772e-15  2.8338146e-06  6.5282802e-07  5.7324758e-16 -1.6334237e-06   0.0022706579  5.3535568e-16  1.4393308e-05  5.1153016e-07  6.5090514e-07  1.1104786e-12  2.6841806e-14  1.9483998e-06  0.00017911088
