
[1mRooFit v3.60 -- Developed by Wouter Verkerke and David Kirkby[0m 
                Copyright (C) 2000-2013 NIKHEF, University of California & Stanford University
                All rights reserved, please read http://roofit.sourceforge.net/license.txt

Error in <TUnixSystem::FindDynamicLibrary>: ../utils/func_roofit/libRooGaussDoubleSidedExp[.so | .dll | .dylib | .sl | .dl | .a] does not exist in /cvmfs/sw.el7/gcc63/root/6.24.06/b01/lib64:/cvmfs/sw.el7/gcc63/root/6.24.06/b01/lib:/cvmfs/sw.el7/gcc63/pythia/8.2.40/b02/lib:/cvmfs/sw.el7/gcc/6.3/lib64:/cvmfs/sw.el7/gcc/6.3/lib:/cvmfs/sw.el7/gcc/6.3/libexec/gcc/x86_64-unknown-linux-gnu/6.3.1:.:/cvmfs/sw.el7/gcc63/root/6.24.06/b01/lib:/lib64/tls/x86_64:/lib64/tls:/lib64/x86_64:/lib64:/usr/lib64/tls/x86_64:/usr/lib64/tls:/usr/lib64/x86_64:/usr/lib64:/cvmfs/sw.el7/gcc63/root/6.24.06/b01/python/lib:/cvmfs/sw.el7/gcc63/root/6.24.06
start function declaration
mc file name: /lstore/cms/boletti/Run2-BdToKstarMuMu/2018MC_PSI_newphi_punzi_removeTkMu_fixBkg_B0Psicut_addxcutvariable.root
data file name: /lstore/cms/boletti/Run2-BdToKstarMuMu/2018data_newphi_punzi_removeTkMu_fixBkg_B0Psicut_addxcutvariable.root
reading data...
[#0] ERROR:InputArguments -- Didn't find a branch in Tree 'ntuple' to read variable 'weight' from.
	Note: Name the RooFit variable the same as the branch.
it worked :)
reading monte carlo...
dimuon selection:  keepPsiP
dimuon selection:  keepPsiP
dimuon selection:  keepPsiP
dimuon selection:  keepPsiP
dimuon selection:  keepPsiP
dimuon selection:  keepPsiP
dimuon selection:  keepPsiP
now fitting:  6  for  correctTag  
fitting the mc...
 **********
 **    1 **SET PRINT           1
 **********
 **********
 **    2 **SET NOGRAD
 **********
 PARAMETER DEFINITIONS:
    NO.   NAME         VALUE      STEP SIZE      LIMITS
     1 #alpha_{RT1}^{6}   1.50000e+00  7.50000e-01    0.00000e+00  1.00000e+01
     2 #alpha_{RT2}^{6}  -2.00000e+00  1.00000e+00   -1.00000e+01  0.00000e+00
     3 #sigma_{RT1}^{6}   2.80000e-02  1.40000e-02    0.00000e+00  1.00000e+00
     4 #sigma_{RT2}^{6}   4.80000e-02  2.40000e-02    0.00000e+00  1.00000e+00
     5 f^{RT6}      8.00000e-01  1.00000e-01    0.00000e+00  1.00000e+00
     6 mean_{RT}^{6}   5.27958e+00  2.00000e-02    5.20000e+00  5.40000e+00
     7 n_{RT1}^{6}   1.00000e+00  4.99500e-01    1.00000e-03  2.00000e+02
     8 n_{RT2}^{6}   1.00000e+00  4.99500e-01    1.00000e-03  2.00000e+02
 **********
 **    3 **SET ERR         0.5
 **********
 **********
 **    4 **SET PRINT           1
 **********
 **********
 **    5 **SET STR           1
 **********
 NOW USING STRATEGY  1: TRY TO BALANCE SPEED AGAINST RELIABILITY
 **********
 **    6 **MIGRAD        4000           1
 **********
 FIRST CALL TO USER FUNCTION AT NEW START POINT, WITH IFLAG=4.
 START MIGRAD MINIMIZATION.  STRATEGY  1.  CONVERGENCE WHEN EDM .LT. 1.00e-03
 FCN=-347762 FROM MIGRAD    STATUS=INITIATE       34 CALLS          35 TOTAL
                     EDM= unknown      STRATEGY= 1      NO ERROR MATRIX       
  EXT PARAMETER               CURRENT GUESS       STEP         FIRST   
  NO.   NAME      VALUE            ERROR          SIZE      DERIVATIVE 
   1  #alpha_{RT1}^{6}   1.50000e+00   7.50000e-01   2.16811e-01  -8.16858e+04
   2  #alpha_{RT2}^{6}  -2.00000e+00   1.00000e+00   2.57889e-01   1.18991e+04
   3  #sigma_{RT1}^{6}   2.80000e-02   1.40000e-02   8.78020e-02  -2.78353e+04
   4  #sigma_{RT2}^{6}   4.80000e-02   2.40000e-02   1.16111e-01   1.40787e+04
   5  f^{RT6}      8.00000e-01   1.00000e-01   2.57889e-01   5.18928e+03
   6  mean_{RT}^{6}   5.27958e+00   2.00000e-02   2.05952e-01  -2.68078e+04
   7  n_{RT1}^{6}   1.00000e+00   4.99500e-01   3.66720e-02  -2.06343e+05
   8  n_{RT2}^{6}   1.00000e+00   4.99500e-01   3.66720e-02  -1.74314e+04
                               ERR DEF= 0.5
 MIGRAD MINIMIZATION HAS CONVERGED.
 FCN=-359815 FROM MIGRAD    STATUS=CONVERGED     550 CALLS         551 TOTAL
                     EDM=1.00854e-05    STRATEGY= 1  ERROR MATRIX UNCERTAINTY   3.0 per cent
  EXT PARAMETER                                   STEP         FIRST   
  NO.   NAME      VALUE            ERROR          SIZE      DERIVATIVE 
   1  #alpha_{RT1}^{6}   1.23146e+00   4.58726e-02  -1.36042e-04   4.10164e-01
   2  #alpha_{RT2}^{6}  -2.93976e+00   7.00699e-02  -1.75742e-05  -6.90215e-02
   3  #sigma_{RT1}^{6}   2.47306e-02   3.57316e-04   3.43857e-06  -2.23834e+00
   4  #sigma_{RT2}^{6}   4.05597e-02   2.45980e-04  -6.88476e-06  -1.34967e+00
   5  f^{RT6}      4.11240e-01   1.46481e-02   3.13264e-05   1.52321e-01
   6  mean_{RT}^{6}   5.27948e+00   1.18126e-04   7.74063e-06   1.07016e+00
   7  n_{RT1}^{6}   7.16552e+00   7.81072e-01   2.29366e-04  -3.70677e-02
   8  n_{RT2}^{6}   2.78381e+00   4.74491e-01  -5.58888e-05   7.26574e-02
                               ERR DEF= 0.5
 EXTERNAL ERROR MATRIX.    NDIM=  25    NPAR=  8    ERR DEF=0.5
  2.104e-03 -2.324e-04  6.891e-06  6.960e-06  1.815e-04 -3.753e-06 -2.853e-02 -9.534e-04 
 -2.324e-04  4.910e-03  2.216e-06 -1.272e-06  7.778e-05  5.350e-07  5.632e-03  2.868e-02 
  6.891e-06  2.216e-06  1.277e-07  5.069e-08  4.456e-06 -3.441e-09  3.305e-05  5.822e-06 
  6.960e-06 -1.272e-06  5.069e-08  6.051e-08  2.644e-06 -8.810e-09 -3.698e-05 -4.763e-06 
  1.815e-04  7.778e-05  4.456e-06  2.644e-06  2.146e-04  1.199e-07  3.077e-03  1.415e-04 
 -3.753e-06  5.350e-07 -3.441e-09 -8.810e-09  1.199e-07  1.395e-08  5.959e-05  8.941e-07 
 -2.853e-02  5.632e-03  3.305e-05 -3.698e-05  3.077e-03  5.959e-05  6.102e-01  2.007e-02 
 -9.534e-04  2.868e-02  5.822e-06 -4.763e-06  1.415e-04  8.941e-07  2.007e-02  2.252e-01 
 PARAMETER  CORRELATION COEFFICIENTS  
       NO.  GLOBAL      1      2      3      4      5      6      7      8
        1  0.97544   1.000 -0.072  0.420  0.617  0.270 -0.693 -0.796 -0.044
        2  0.87380  -0.072  1.000  0.089 -0.074  0.076  0.065  0.103  0.863
        3  0.93410   0.420  0.089  1.000  0.577  0.851 -0.082  0.118  0.034
        4  0.91049   0.617 -0.074  0.577  1.000  0.734 -0.303 -0.192 -0.041
        5  0.95024   0.270  0.076  0.851  0.734  1.000  0.069  0.269  0.020
        6  0.75528  -0.693  0.065 -0.082 -0.303  0.069  1.000  0.646  0.016
        7  0.95802  -0.796  0.103  0.118 -0.192  0.269  0.646  1.000  0.054
        8  0.86883  -0.044  0.863  0.034 -0.041  0.020  0.016  0.054  1.000
 **********
 **    7 **SET ERR         0.5
 **********
 **********
 **    8 **SET PRINT           1
 **********
 **********
 **    9 **HESSE        4000
 **********
 COVARIANCE MATRIX CALCULATED SUCCESSFULLY
 FCN=-359815 FROM HESSE     STATUS=OK             75 CALLS         626 TOTAL
                     EDM=0.000149838    STRATEGY= 1      ERROR MATRIX ACCURATE 
  EXT PARAMETER                                INTERNAL      INTERNAL  
  NO.   NAME      VALUE            ERROR       STEP SIZE       VALUE   
   1  #alpha_{RT1}^{6}   1.23146e+00   4.26419e-02   1.26920e-03  -8.53687e-01
   2  #alpha_{RT2}^{6}  -2.93976e+00   6.80141e-02   3.15919e-03   4.24701e-01
   3  #sigma_{RT1}^{6}   2.47306e-02   4.05623e-04   3.45843e-04  -1.25497e+00
   4  #sigma_{RT2}^{6}   4.05597e-02   2.58341e-04   2.15640e-04  -1.16523e+00
   5  f^{RT6}      4.11240e-01   1.61275e-02   3.91740e-03  -1.78466e-01
   6  mean_{RT}^{6}   5.27948e+00   1.22324e-04   3.47315e-04  -2.06638e-01
   7  n_{RT1}^{6}   7.16552e+00   6.84174e-01   2.51350e-03  -1.18996e+00
   8  n_{RT2}^{6}   2.78381e+00   4.37189e-01   4.00434e-03  -1.33433e+00
                               ERR DEF= 0.5
 EXTERNAL ERROR MATRIX.    NDIM=  25    NPAR=  8    ERR DEF=0.5
  1.818e-03 -1.080e-04  9.189e-06  6.944e-06  2.699e-04 -3.565e-06 -1.997e-02 -2.677e-04 
 -1.080e-04  4.626e-03  2.174e-06 -8.885e-07  6.714e-05  2.018e-07  3.672e-03  2.532e-02 
  9.189e-06  2.174e-06  1.645e-07  6.613e-08  5.688e-06 -1.142e-08  4.237e-05  4.666e-06 
  6.944e-06 -8.885e-07  6.613e-08  6.674e-08  3.274e-06 -9.814e-09 -1.225e-05 -2.805e-06 
  2.699e-04  6.714e-05  5.688e-06  3.274e-06  2.602e-04 -1.129e-07  3.244e-03  1.230e-04 
 -3.565e-06  2.018e-07 -1.142e-08 -9.814e-09 -1.129e-07  1.496e-08  4.525e-05  2.537e-07 
 -1.997e-02  3.672e-03  4.237e-05 -1.225e-05  3.244e-03  4.525e-05  4.681e-01  7.967e-03 
 -2.677e-04  2.532e-02  4.666e-06 -2.805e-06  1.230e-04  2.537e-07  7.967e-03  1.912e-01 
 PARAMETER  CORRELATION COEFFICIENTS  
       NO.  GLOBAL      1      2      3      4      5      6      7      8
        1  0.97175   1.000 -0.037  0.531  0.630  0.392 -0.683 -0.685 -0.014
        2  0.85971  -0.037  1.000  0.079 -0.051  0.061  0.024  0.079  0.851
        3  0.94754   0.531  0.079  1.000  0.631  0.869 -0.230  0.153  0.026
        4  0.91758   0.630 -0.051  0.631  1.000  0.786 -0.311 -0.069 -0.025
        5  0.95747   0.392  0.061  0.869  0.786  1.000 -0.057  0.294  0.017
        6  0.74156  -0.683  0.024 -0.230 -0.311 -0.057  1.000  0.541  0.005
        7  0.94395  -0.685  0.079  0.153 -0.069  0.294  0.541  1.000  0.027
        8  0.85554  -0.014  0.851  0.026 -0.025  0.017  0.005  0.027  1.000
fit status:  0 3
doublecb_RT6  -----> plotting  
Info in <TCanvas::MakeDefCanvas>:  created default TCanvas with name c1
cbshape_RT1_6  -----> plotting  
cbshape_RT2_6  -----> plotting  
setting nRT to  192011.0
Info in <TCanvas::Print>: pdf file fit_results_mass_checkOnMC/newbdt_puw/save_fit_mc_6_2018_RT_newSigmaFRT_asInANv8.pdf has been created
now fitting:  6  for   wrongTag
fitting the mc...
 **********
 **    1 **SET PRINT           1
 **********
 **********
 **    2 **SET NOGRAD
 **********
 PARAMETER DEFINITIONS:
    NO.   NAME         VALUE      STEP SIZE      LIMITS
     1 #alpha_{WT1}^{6}   5.00000e-01  2.50000e-01    0.00000e+00  1.00000e+01
     2 #alpha_{WT2}^{6}   2.50000e+00  1.00000e+00    0.00000e+00  1.00000e+01
     3 #sigma_{WT1}^{6}   3.00000e-02  1.50000e-02    0.00000e+00  1.00000e+00
     4 mean_{WT}^{6}   5.27958e+00  1.00000e-01    5.00000e+00  6.00000e+00
     5 n_{WT1}^{6}   1.00000e+00  4.95000e-01    1.00000e-02  1.00000e+02
     6 n_{WT2}^{6}   1.00000e+00  4.95000e-01    1.00000e-02  1.00000e+02
 **********
 **    3 **SET ERR         0.5
 **********
 **********
 **    4 **SET PRINT           1
 **********
 **********
 **    5 **SET STR           1
 **********
 NOW USING STRATEGY  1: TRY TO BALANCE SPEED AGAINST RELIABILITY
 **********
 **    6 **MIGRAD        3000           1
 **********
 FIRST CALL TO USER FUNCTION AT NEW START POINT, WITH IFLAG=4.
 START MIGRAD MINIMIZATION.  STRATEGY  1.  CONVERGENCE WHEN EDM .LT. 1.00e-03
 FCN=-23164.4 FROM MIGRAD    STATUS=INITIATE       24 CALLS          25 TOTAL
                     EDM= unknown      STRATEGY= 1      NO ERROR MATRIX       
  EXT PARAMETER               CURRENT GUESS       STEP         FIRST   
  NO.   NAME      VALUE            ERROR          SIZE      DERIVATIVE 
   1  #alpha_{WT1}^{6}   5.00000e-01   2.50000e-01   1.18625e-01  -2.73772e+04
   2  #alpha_{WT2}^{6}   2.50000e+00   1.00000e+00   2.35352e-01   1.82688e+04
   3  #sigma_{WT1}^{6}   3.00000e-02   1.50000e-02   9.09734e-02  -5.93186e+04
   4  mean_{WT}^{6}   5.27958e+00   1.00000e-01   2.26180e-01  -1.09005e+05
   5  n_{WT1}^{6}   1.00000e+00   4.95000e-01   5.17524e-02  -5.05491e+04
   6  n_{WT2}^{6}   1.00000e+00   4.95000e-01   5.17524e-02   1.32072e+04
                               ERR DEF= 0.5
 MIGRAD MINIMIZATION HAS CONVERGED.
 MIGRAD WILL VERIFY CONVERGENCE AND ERROR MATRIX.
 COVARIANCE MATRIX CALCULATED SUCCESSFULLY
 FCN=-32762.5 FROM HESSE     STATUS=OK             44 CALLS         365 TOTAL
                     EDM=0.0174587    STRATEGY= 1      ERROR MATRIX ACCURATE 
  EXT PARAMETER                                   STEP         FIRST   
  NO.   NAME      VALUE            ERROR          SIZE      DERIVATIVE 
   1  #alpha_{WT1}^{6}   9.88794e-01   3.71454e-02   4.01775e-04   5.01046e-01
   2  #alpha_{WT2}^{6}   1.32894e+00   6.58957e-02   6.07321e-04   5.08438e-01
   3  #sigma_{WT1}^{6}   5.32547e-02   9.04291e-04   1.73483e-04  -2.45456e+00
   4  mean_{WT}^{6}   5.27529e+00   5.73369e-04   1.13385e-04  -1.31180e-02
   5  n_{WT1}^{6}   1.03095e+01   1.93262e+00   3.11146e-03  -4.21730e-02
   6  n_{WT2}^{6}   2.01242e+01   8.73353e+00   9.91065e-03  -8.78290e-01
                               ERR DEF= 0.5
 MIGRAD MINIMIZATION HAS CONVERGED.
 FCN=-32762.5 FROM MIGRAD    STATUS=CONVERGED     378 CALLS         379 TOTAL
                     EDM=9.2767e-05    STRATEGY= 1  ERROR MATRIX UNCERTAINTY   9.1 per cent
  EXT PARAMETER                                   STEP         FIRST   
  NO.   NAME      VALUE            ERROR          SIZE      DERIVATIVE 
   1  #alpha_{WT1}^{6}   9.90078e-01   3.68354e-02   4.30049e-04   2.85633e-01
   2  #alpha_{WT2}^{6}   1.33674e+00   5.93788e-02   2.29602e-03  -2.18645e+00
   3  #sigma_{WT1}^{6}   5.33097e-02   8.81824e-04   2.44753e-04   3.94404e+00
   4  mean_{WT}^{6}   5.27530e+00   5.71517e-04   2.74643e-05   3.38646e+00
   5  n_{WT1}^{6}   1.02916e+01   1.92934e+00  -5.89092e-04   6.72391e-03
   6  n_{WT2}^{6}   1.89404e+01   7.17159e+00   2.98720e-02   1.65461e-01
                               ERR DEF= 0.5
 EXTERNAL ERROR MATRIX.    NDIM=  25    NPAR=  6    ERR DEF=0.5
  1.357e-03  1.098e-03  2.427e-05 -1.140e-05 -5.871e-02  6.538e-02 
  1.098e-03  3.526e-03  3.905e-05  8.359e-07 -2.410e-02  3.605e-01 
  2.427e-05  3.905e-05  7.776e-07 -1.699e-07 -6.079e-04  2.544e-03 
 -1.140e-05  8.359e-07 -1.699e-07  3.266e-07  4.437e-04  5.159e-04 
 -5.871e-02 -2.410e-02 -6.079e-04  4.437e-04  3.727e+00 -1.249e+00 
  6.538e-02  3.605e-01  2.544e-03  5.159e-04 -1.249e+00  5.202e+01 
 PARAMETER  CORRELATION COEFFICIENTS  
       NO.  GLOBAL      1      2      3      4      5      6
        1  0.96544   1.000  0.502  0.747 -0.542 -0.826  0.246
        2  0.96081   0.502  1.000  0.746  0.025 -0.210  0.842
        3  0.93564   0.747  0.746  1.000 -0.337 -0.357  0.400
        4  0.70545  -0.542  0.025 -0.337  1.000  0.402  0.125
        5  0.91953  -0.826 -0.210 -0.357  0.402  1.000 -0.090
        6  0.91355   0.246  0.842  0.400  0.125 -0.090  1.000
 **********
 **    7 **SET ERR         0.5
 **********
 **********
 **    8 **SET PRINT           1
 **********
 **********
 **    9 **HESSE        3000
 **********
 COVARIANCE MATRIX CALCULATED SUCCESSFULLY
 FCN=-32762.5 FROM HESSE     STATUS=OK             44 CALLS         423 TOTAL
                     EDM=0.000119217    STRATEGY= 1      ERROR MATRIX ACCURATE 
  EXT PARAMETER                                INTERNAL      INTERNAL  
  NO.   NAME      VALUE            ERROR       STEP SIZE       VALUE   
   1  #alpha_{WT1}^{6}   9.90078e-01   3.73924e-02   4.01764e-04  -9.30610e-01
   2  #alpha_{WT2}^{6}   1.33674e+00   6.25496e-02   6.07350e-04  -8.22209e-01
   3  #sigma_{WT1}^{6}   5.33097e-02   8.85165e-04   1.73469e-04  -1.10481e+00
   4  mean_{WT}^{6}   5.27530e+00   5.73653e-04   4.53540e-05  -4.66086e-01
   5  n_{WT1}^{6}   1.02916e+01   1.96292e+00   1.24458e-03  -9.17932e-01
   6  n_{WT2}^{6}   1.89404e+01   7.30285e+00   9.91441e-03  -2.47112e+00
                               ERR DEF= 0.5
 EXTERNAL ERROR MATRIX.    NDIM=  25    NPAR=  6    ERR DEF=0.5
  1.398e-03  1.159e-03  2.469e-05 -1.157e-05 -6.107e-02  7.004e-02 
  1.159e-03  3.913e-03  4.114e-05  1.378e-06 -2.572e-02  3.949e-01 
  2.469e-05  4.114e-05  7.835e-07 -1.679e-07 -6.307e-04  2.735e-03 
 -1.157e-05  1.378e-06 -1.679e-07  3.291e-07  4.584e-04  5.694e-04 
 -6.107e-02 -2.572e-02 -6.307e-04  4.584e-04  3.858e+00 -1.337e+00 
  7.004e-02  3.949e-01  2.735e-03  5.694e-04 -1.337e+00  5.396e+01 
 PARAMETER  CORRELATION COEFFICIENTS  
       NO.  GLOBAL      1      2      3      4      5      6
        1  0.96640   1.000  0.495  0.746 -0.539 -0.831  0.255
        2  0.96408   0.495  1.000  0.743  0.038 -0.209  0.859
        3  0.93583   0.746  0.743  1.000 -0.331 -0.363  0.421
        4  0.70807  -0.539  0.038 -0.331  1.000  0.407  0.135
        5  0.92260  -0.831 -0.209 -0.363  0.407  1.000 -0.093
        6  0.92352   0.255  0.859  0.421  0.135 -0.093  1.000
Info in <TCanvas::Print>: pdf file fit_results_mass_checkOnMC/newbdt_puw/save_fit_mc_6_2018_WT_newSigmaFRT_asInANv8.pdf has been created
fit status:  0 3
doublecb_6  -----> plotting  
setting nWT to  27944.0
mistag fraction on MC for bin  6  :  0.127044168125 +/- 0.276142986869
constraining var #sigma_{RT1}^{6} :  0.0247305710039  with uncertainty  0.000405622936656
constraining var #alpha_{RT1}^{6} :  1.23145612381  with uncertainty  0.0426418661098
constraining var n_{RT1}^{6} :  7.16552078573  with uncertainty  0.684173925976
constraining var #sigma_{WT1}^{6} :  0.0533097081932  with uncertainty  0.000885164819812
constraining var #alpha_{WT1}^{6} :  0.990078432382  with uncertainty  0.037392425922
constraining var #alpha_{WT2}^{6} :  1.33674402432  with uncertainty  0.0625496318276
constraining var n_{WT1}^{6} :  10.29162669  with uncertainty  1.96291613787
constraining var n_{WT2}^{6} :  18.9403999394  with uncertainty  7.30285246499
constraining var #alpha_{RT2}^{6} :  -2.93975703832  with uncertainty  0.0680141102454
constraining var n_{RT2}^{6} :  2.78380874999  with uncertainty  0.437189116835
constraining var #sigma_{RT2}^{6} :  0.0405597161509  with uncertainty  0.000258340647515
constraining var f^{RT6} :  0.411239849884  with uncertainty  0.0161274649404
nsig is
219955.0
here
total pdf created
Minuit2Minimizer: Minimize with max-calls 8500 convergence for edm < 1 strategy 2
Info in <Minuit2>: MnSeedGenerator Initial state: FCN =       213065.7324 Edm =       303893.5831 NCalls =     55
Info in <Minuit2>: MnSeedGenerator Negative G2 found - new state: 
  Minimum value : 149472.2388
  Edm           : 213263.1321
  Internal parameters:
     -1.559859341
      0.424701252
    -0.9306097373
     -0.822209182
     -1.254966179
     -1.165233704
     -1.104813882
     -0.594494435
      1.562804695
    -0.8419025663
     -1.551951993
     -1.189960898
     -1.334329579
    -0.9179316992
    -0.6704697728
     -1.485490177
      1.156563513
  Internal gradient  :
      16601.80969
    -0.1169821282
    0.04784547537
    0.03836211086
      24207.30444
     -12.44637614
    0.07085998645
      288443.7499
     -116.3596113
     0.0399103805
      319.9787432
      0.215507936
     0.1783040975
    0.04659581927
    0.02825571629
      5751.607222
    -0.5408481987
  Internal covariance matrix:
  1.3204884e-06              0              0              0              0              0              0              0              0              0              0              0              0              0              0              0              0
              0   0.0004459783              0              0              0              0              0              0              0              0              0              0              0              0              0              0              0
              0              0   0.0003134773              0              0              0              0              0              0              0              0              0              0              0              0              0              0
              0              0              0  0.00067569479              0              0              0              0              0              0              0              0              0              0              0              0              0
              0              0              0              0   8.824452e-06              0              0              0              0              0              0              0              0              0              0              0              0
              0              0              0              0              0  3.4309969e-06              0              0              0              0              0              0              0              0              0              0              0
              0              0              0              0              0              0  3.1050153e-05              0              0              0              0              0              0              0              0              0              0
              0              0              0              0              0              0              0  1.0180605e-05              0              0              0              0              0              0              0              0              0
              0              0              0              0              0              0              0              0  0.00013655277              0              0              0              0              0              0              0              0
              0              0              0              0              0              0              0              0              0  2.1820684e-05              0              0              0              0              0              0              0
              0              0              0              0              0              0              0              0              0              0  0.00011783003              0              0              0              0              0              0
              0              0              0              0              0              0              0              0              0              0              0  0.00067783635              0              0              0              0              0
              0              0              0              0              0              0              0              0              0              0              0              0  0.00069655863              0              0              0              0
              0              0              0              0              0              0              0              0              0              0              0              0              0   0.0083546161              0              0              0
              0              0              0              0              0              0              0              0              0              0              0              0              0              0    0.069540906              0              0
              0              0              0              0              0              0              0              0              0              0              0              0              0              0              0  1.4489701e-05              0
              0              0              0              0              0              0              0              0              0              0              0              0              0              0              0              0    0.039932279
Minuit2:0: RuntimeWarning: MnPosDef Matrix forced pos-def by adding to diagonal 0.219446
Info in <Minuit2>: MnSeedGenerator run Hesse - new state: 
  Minimum value : 149472.2388
  Edm           : 368647.5783
  Internal parameters:
     -1.559859341
      0.424701252
    -0.9306097373
     -0.822209182
     -1.254966179
     -1.165233704
     -1.104813882
     -0.594494435
      1.562804695
    -0.8419025663
     -1.551951993
     -1.189960898
     -1.334329579
    -0.9179316992
    -0.6704697728
     -1.485490177
      1.156563513
  Internal gradient  :
      16601.81649
    -0.1006605228
  3.265331861e-06
  6.138527037e-05
      24207.17861
     -12.52615035
  0.0001134360496
      288443.7668
     -116.3340382
  1.031371071e-05
      319.9794057
     0.1265788303
    0.03040617654
  7.457288321e-05
  1.826959376e-06
      5751.653604
    -0.4538999317
  Internal covariance matrix:
  2.7617584e-06  5.6188525e-08  1.1336453e-13   1.663905e-13  2.7324399e-05  1.8683763e-08  3.7345195e-15 -7.5867409e-06 -1.7732079e-06 -2.5915091e-15   1.833014e-06 -2.3381124e-08 -2.3164503e-08 -6.1258465e-14  2.4790447e-13   5.525107e-05   0.0037490385
  5.6188525e-08  0.00036572593  2.0947098e-13  5.9993252e-15  9.1554802e-07  4.2115054e-10  2.1605313e-16 -2.4917053e-07 -5.3252421e-07  -1.550777e-16  6.2038511e-08 -3.1226689e-10 -6.6040774e-08 -3.5439857e-15 -1.5852785e-15    1.90072e-06  0.00012905469
  1.1336453e-13  2.0947098e-13  0.00025706532  1.1481153e-20  1.8520764e-12  1.5023456e-15  2.9665257e-22 -4.8880881e-13 -1.7976045e-13 -1.9691508e-22   1.238428e-13 -6.2830392e-16 -1.3004074e-13 -4.8660829e-21  2.5641653e-12  3.7385447e-12  2.5485475e-10
   1.663905e-13  5.9993252e-15  1.1481153e-20  0.00055409977  2.7183824e-12  2.2053306e-15  4.3535415e-22  -7.174422e-13 -2.6347734e-13 -2.8897422e-22  1.8176941e-13 -9.2219077e-16 -1.9086565e-13 -7.1412473e-21  4.9806787e-21  5.4872001e-12  3.7406015e-10
  2.7324399e-05  9.1554802e-07  1.8520764e-12  2.7183824e-12  0.00044536911  3.0428299e-07  6.2227173e-14 -0.00012130834 -2.8817484e-05 -4.3363575e-14  2.9830404e-05 -1.5167217e-07 -3.7744063e-07 -1.0207314e-12  1.2564322e-12  0.00090053099    0.061105159
  1.8683763e-08  4.2115054e-10  1.5023456e-15  2.2053306e-15  3.0428299e-07  2.8154443e-06  1.1713336e-16 -8.2909292e-08  -4.522706e-07 -9.1996247e-17  2.0987885e-08 -1.0376186e-10 -3.0116677e-10 -1.9213744e-15  -2.670547e-15  6.5336449e-07   4.434704e-05
  3.7345195e-15  2.1605313e-16  2.9665257e-22  4.3535415e-22  6.2227173e-14  1.1713336e-16  2.5462506e-05   -1.20225e-14 -2.2801703e-14 -1.1267371e-23  4.1024733e-15 -2.0427519e-17 -4.0474057e-14 -3.3791512e-22 -4.0070148e-22  1.2382115e-13  8.7723543e-12
 -7.5867409e-06 -2.4917053e-07 -4.8880881e-13  -7.174422e-13 -0.00012130834 -8.2909292e-08   -1.20225e-14  4.1413873e-05  7.9468448e-06   7.595609e-15 -8.4163684e-06  4.2637972e-08   1.027243e-07  1.9720875e-13 -5.9755265e-13 -0.00024494448   -0.016620639
 -1.7732079e-06 -5.3252421e-07 -1.7976045e-13 -2.6347734e-13 -2.8817484e-05  -4.522706e-07 -2.2801703e-14  7.9468448e-06  0.00011479328  1.8493222e-14 -2.0237893e-06  9.8616301e-09   2.312505e-07   3.740233e-13  8.0644156e-13   -6.36626e-05  -0.0043215682
 -2.5915091e-15  -1.550777e-16 -1.9691508e-22 -2.8897422e-22 -4.3363575e-14 -9.1996247e-17 -1.1267371e-23   7.595609e-15  1.8493222e-14  1.7893931e-05  2.5581745e-14  6.6805369e-14 -3.3787767e-14  1.8482212e-22  1.3476277e-22 -8.5814773e-14 -6.1335374e-12
   1.833014e-06  6.2038511e-08   1.238428e-13  1.8176941e-13  2.9830404e-05  2.0987885e-08  4.1024733e-15 -8.4163684e-06 -2.0237893e-06  2.5581745e-14  9.8646354e-05 -1.0207451e-08  -2.559743e-08 -6.7294125e-14  8.7690208e-14  6.0947947e-05   0.0041355721
 -2.3381124e-08 -3.1226689e-10 -6.2830392e-16 -9.2219077e-16 -1.5167217e-07 -1.0376186e-10 -2.0427519e-17  4.2637972e-08  9.8616301e-09  6.6805369e-14 -1.0207451e-08  0.00055585618  1.2804789e-10  3.3507884e-16  -2.628284e-15 -3.0670313e-07 -2.0811208e-05
 -2.3164503e-08 -6.6040774e-08 -1.3004074e-13 -1.9086565e-13 -3.7744063e-07 -3.0116677e-10 -4.0474057e-14   1.027243e-07   2.312505e-07 -3.3787767e-14  -2.559743e-08  1.2804789e-10  0.00057120976  6.6390833e-13  1.9118625e-12 -7.8295607e-07 -5.3178971e-05
 -6.1258465e-14 -3.5439857e-15 -4.8660829e-21 -7.1412473e-21 -1.0207314e-12 -1.9213744e-15 -3.3791512e-22  1.9720875e-13   3.740233e-13  1.8482212e-22 -6.7294125e-14  3.3507884e-16  6.6390833e-13   0.0068511567  6.5728289e-21 -2.0310762e-12 -1.4389561e-10
  2.4790447e-13 -1.5852785e-15  2.5641653e-12  4.9806787e-21  1.2564322e-12  -2.670547e-15 -4.0070148e-22 -5.9755265e-13  8.0644156e-13  1.3476277e-22  8.7690208e-14  -2.628284e-15  1.9118625e-12  6.5728289e-21    0.057026635  2.6354338e-12  1.6129145e-10
   5.525107e-05    1.90072e-06  3.7385447e-12  5.4872001e-12  0.00090053099  6.5336449e-07  1.2382115e-13 -0.00024494448   -6.36626e-05 -8.5814773e-14  6.0947947e-05 -3.0670313e-07 -7.8295607e-07 -2.0310762e-12  2.6354338e-12   0.0018806665     0.12636849
   0.0037490385  0.00012905469  2.5485475e-10  3.7406015e-10    0.061105159   4.434704e-05  8.7723543e-12   -0.016620639  -0.0043215682 -6.1335374e-12   0.0041355721 -2.0811208e-05 -5.3178971e-05 -1.4389561e-10  1.6129145e-10     0.12636849       8.549034
Info in <Minuit2>: VariableMetricBuilder Start iterating until Edm is < 0.001 with call limit = 8500
Info in <Minuit2>: VariableMetricBuilder    0 - FCN =       149472.2388 Edm =       368647.5783 NCalls =    500
Info in <Minuit2>: VariableMetricBuilder    1 - FCN =       148007.3007 Edm =       6747271.109 NCalls =    549
Info in <Minuit2>: VariableMetricBuilder    2 - FCN =       106323.0516 Edm =       143181.7802 NCalls =    598
Info in <Minuit2>: VariableMetricBuilder    3 - FCN =       104273.6051 Edm =       162264.1073 NCalls =    636
Info in <Minuit2>: VariableMetricBuilder    4 - FCN =       103228.3374 Edm =       138258.2768 NCalls =    674
Info in <Minuit2>: VariableMetricBuilder    5 - FCN =       101114.9768 Edm =       165863.1155 NCalls =    712
Info in <Minuit2>: VariableMetricBuilder    6 - FCN =       100395.1083 Edm =       126246.6541 NCalls =    750
Info in <Minuit2>: VariableMetricBuilder    7 - FCN =       99716.08912 Edm =       123388.5795 NCalls =    788
Info in <Minuit2>: VariableMetricBuilder    8 - FCN =       99047.74117 Edm =       122854.4934 NCalls =    826
Info in <Minuit2>: VariableMetricBuilder    9 - FCN =       98390.66552 Edm =       122257.1122 NCalls =    864
Info in <Minuit2>: VariableMetricBuilder   10 - FCN =       97745.71173 Edm =       121574.7365 NCalls =    902
Info in <Minuit2>: VariableMetricBuilder   11 - FCN =       97113.38616 Edm =       120833.2265 NCalls =    940
Info in <Minuit2>: VariableMetricBuilder   12 - FCN =       96493.90247 Edm =       120055.3888 NCalls =    978
Info in <Minuit2>: VariableMetricBuilder   13 - FCN =        95887.1759 Edm =       119263.9483 NCalls =   1016
Info in <Minuit2>: VariableMetricBuilder   14 - FCN =       95295.30439 Edm =       118259.6209 NCalls =   1054
Info in <Minuit2>: VariableMetricBuilder   15 - FCN =       27249.57605 Edm =       41923.41102 NCalls =   1104
Info in <Minuit2>: VariableMetricBuilder   16 - FCN =       -1625.85411 Edm =       2848.712958 NCalls =   1154
Info in <Minuit2>: VariableMetricBuilder   17 - FCN =      -2209.464338 Edm =       115.5893546 NCalls =   1200
Info in <Minuit2>: VariableMetricBuilder   18 - FCN =      -2379.243076 Edm =       15.75339857 NCalls =   1243
Info in <Minuit2>: VariableMetricBuilder   19 - FCN =      -2407.739055 Edm =      0.8175659665 NCalls =   1283
Info in <Minuit2>: VariableMetricBuilder   20 - FCN =       -2408.84021 Edm =      0.5251430529 NCalls =   1321
Info in <Minuit2>: VariableMetricBuilder   21 - FCN =       -2410.50718 Edm =      0.6831899097 NCalls =   1359
Minuit2:0: RuntimeWarning: DavidonErrorUpdator delgam < 0 : first derivatives increasing along search line
Info in <Minuit2>: VariableMetricBuilder   22 - FCN =      -2893.952219 Edm =       75.87662302 NCalls =   1407
Minuit2:0: RuntimeWarning: VariableMetricBuilder Matrix not pos.def, gdel = 481.974 > 0
Minuit2:0: RuntimeWarning: MnPosDef non-positive diagonal element in covariance matrix[ 0 ] = -4.30214e-06
Minuit2:0: RuntimeWarning: MnPosDef non-positive diagonal element in covariance matrix[ 4 ] = -4.96867e-06
Minuit2:0: RuntimeWarning: MnPosDef non-positive diagonal element in covariance matrix[ 7 ] = -3.24088e-06
Minuit2:0: RuntimeWarning: MnPosDef non-positive diagonal element in covariance matrix[ 8 ] = -0.0197762
Minuit2:0: RuntimeWarning: MnPosDef non-positive diagonal element in covariance matrix[ 15 ] = -7.99348e-06
Minuit2:0: RuntimeWarning: MnPosDef Added to diagonal of Error matrix a value 0.519777
Minuit2:0: RuntimeWarning: VariableMetricBuilder gdel = -2.95229e+07
Info in <Minuit2>: VariableMetricBuilder   23 - FCN =      -2903.365317 Edm =       29374110.55 NCalls =   1463
Info in <Minuit2>: VariableMetricBuilder   24 - FCN =      -2940.910883 Edm =       262450.8341 NCalls =   1514
Info in <Minuit2>: VariableMetricBuilder   25 - FCN =      -2942.160168 Edm =       114816.3436 NCalls =   1554
Info in <Minuit2>: VariableMetricBuilder   26 - FCN =      -2943.672832 Edm =       98457.36611 NCalls =   1593
Minuit2:0: RuntimeWarning: DavidonErrorUpdator delgam < 0 : first derivatives increasing along search line
Info in <Minuit2>: VariableMetricBuilder   27 - FCN =       -3113.32702 Edm =       159349.5831 NCalls =   1633
Info in <Minuit2>: VariableMetricBuilder   28 - FCN =      -3250.299609 Edm =       2513.612252 NCalls =   1675
Info in <Minuit2>: VariableMetricBuilder   29 - FCN =      -3250.981531 Edm =       25415.73575 NCalls =   1713
Info in <Minuit2>: VariableMetricBuilder   30 - FCN =      -3255.652617 Edm =       4528.885386 NCalls =   1753
Info in <Minuit2>: VariableMetricBuilder   31 - FCN =      -3255.832936 Edm =       1256.232619 NCalls =   1791
Info in <Minuit2>: VariableMetricBuilder   32 - FCN =      -3257.413564 Edm =       3442.657894 NCalls =   1831
Info in <Minuit2>: VariableMetricBuilder   33 - FCN =      -3385.767498 Edm =       48565.22382 NCalls =   1879
Info in <Minuit2>: VariableMetricBuilder   34 - FCN =      -3386.676614 Edm =       332.9441721 NCalls =   1916
Info in <Minuit2>: VariableMetricBuilder   35 - FCN =      -3387.503128 Edm =        2437.47974 NCalls =   1953
Info in <Minuit2>: VariableMetricBuilder   36 - FCN =      -3490.377276 Edm =       8520.403697 NCalls =   2001
Info in <Minuit2>: VariableMetricBuilder   37 - FCN =      -3497.609606 Edm =       87.32563239 NCalls =   2039
Info in <Minuit2>: VariableMetricBuilder   38 - FCN =      -3499.446982 Edm =        459.155949 NCalls =   2078
Info in <Minuit2>: VariableMetricBuilder   39 - FCN =      -3529.955952 Edm =       40.03882721 NCalls =   2116
Info in <Minuit2>: VariableMetricBuilder   40 - FCN =      -3531.851929 Edm =       209.5139064 NCalls =   2154
Info in <Minuit2>: VariableMetricBuilder   41 - FCN =      -3577.086709 Edm =       42.39594374 NCalls =   2203
Info in <Minuit2>: VariableMetricBuilder   42 - FCN =      -3599.283211 Edm =       19.89985233 NCalls =   2247
Minuit2:0: RuntimeWarning: VariableMetricBuilder Matrix not pos.def., try to make pos.def.
Minuit2:0: RuntimeWarning: MnPosDef Matrix forced pos-def by adding to diagonal 0.0567885
Info in <Minuit2>: VariableMetricBuilder   43 - FCN =      -3606.267666 Edm =       8.521767187 NCalls =   2296
Info in <Minuit2>: VariableMetricBuilder   44 - FCN =      -3610.792924 Edm =       55.18964978 NCalls =   2334
Info in <Minuit2>: VariableMetricBuilder   45 - FCN =       -3628.50848 Edm =       17.47300634 NCalls =   2381
Info in <Minuit2>: VariableMetricBuilder   46 - FCN =      -3740.096275 Edm =       74.76216777 NCalls =   2431
Info in <Minuit2>: VariableMetricBuilder   47 - FCN =      -3754.449769 Edm =       28.49523833 NCalls =   2472
Info in <Minuit2>: VariableMetricBuilder   48 - FCN =      -3829.573339 Edm =       44.55068906 NCalls =   2518
Info in <Minuit2>: VariableMetricBuilder   49 - FCN =       -3865.72667 Edm =       12.95295874 NCalls =   2556
Info in <Minuit2>: VariableMetricBuilder   50 - FCN =      -3875.793321 Edm =       1.182097111 NCalls =   2593
Info in <Minuit2>: VariableMetricBuilder   51 - FCN =      -3877.273531 Edm =      0.6409590099 NCalls =   2631
Info in <Minuit2>: VariableMetricBuilder   52 - FCN =      -3883.410428 Edm =       3.080298502 NCalls =   2675
Info in <Minuit2>: VariableMetricBuilder   53 - FCN =      -3885.706099 Edm =       4.283888515 NCalls =   2713
Info in <Minuit2>: VariableMetricBuilder   54 - FCN =      -3888.135917 Edm =      0.3465676649 NCalls =   2749
Info in <Minuit2>: VariableMetricBuilder   55 - FCN =      -3888.426255 Edm =     0.01841021029 NCalls =   2785
Info in <Minuit2>: VariableMetricBuilder   56 - FCN =      -3888.443474 Edm =   0.0006553013984 NCalls =   2820
Info in <Minuit2>: VariableMetricBuilder After Hessian
Info in <Minuit2>: VariableMetricBuilder   57 - FCN =      -3888.443474 Edm =    0.000594713079 NCalls =   3025
Minuit2Minimizer : Valid minimum - status = 0
FVAL  = -3888.44347372493485
Edm   = 0.000594713078977999131
Nfcn  = 3025
#alpha_{RT1}^{6}	  = 1.23191	 +/-  0.042486	(limited)
#alpha_{RT2}^{6}	  = -2.93739	 +/-  0.0682237	(limited)
#alpha_{WT1}^{6}	  = 0.990529	 +/-  0.0373877	(limited)
#alpha_{WT2}^{6}	  = 1.33646	 +/-  0.0625489	(limited)
#sigma_{RT1}^{6}	  = 0.0247345	 +/-  0.000402446	(limited)
#sigma_{RT2}^{6}	  = 0.0405871	 +/-  0.000257668	(limited)
#sigma_{WT1}^{6}	  = 0.0533102	 +/-  0.00088516	(limited)
Yield	  = 428.876	 +/-  22.5574	(limited)
f^{RT6}	  = 0.409448	 +/-  0.0159779	(limited)
f_{M}^{6}	  = 0.127043	 +/-  0.0011	(limited)
mean_{RT}^{6}	  = 5.27835	 +/-  0.00196611	(limited)
n_{RT1}^{6}	  = 7.20335	 +/-  0.680418	(limited)
n_{RT2}^{6}	  = 2.78795	 +/-  0.436707	(limited)
n_{WT1}^{6}	  = 10.2782	 +/-  1.96211	(limited)
n_{WT2}^{6}	  = 18.9178	 +/-  7.26227	(limited)
nbkg	  = 262.6	 +/-  26.107	(limited)
slope	  = -4.9436	 +/-  0.657613	(limited)
Info in <Minuit2>: Minuit2Minimizer::Hesse Using max-calls 8500
Info in <Minuit2>: Minuit2Minimizer::Hesse Hesse is valid - matrix is accurate
fit with Hesse strategy 2 done, now Minos
Minuit2Minimizer: Minimize with max-calls 8500 convergence for edm < 1 strategy 2
Info in <Minuit2>: MnSeedGenerator Initial state: FCN =      -3888.443474 Edm =   0.0005652970755 NCalls =     35
Info in <Minuit2>: MnSeedGenerator run Hesse - new state: 
  Minimum value : -3888.443474
  Edm           : 0.0005947458596
  Internal parameters:
    -0.8535498278
     0.4252197978
    -0.9304589552
    -0.8222933837
     -1.254940799
     -1.165094959
      -1.10481151
     -1.529374712
    -0.1821097757
    -0.8419062718
      -0.21826983
     -1.188944463
     -1.334152708
     -0.918372303
    -0.6710461118
     -1.527091371
    -0.5170989607
  Internal gradient  :
     -1.003756789
    0.01361145064
      0.962337368
    -0.2491563558
      2.439078005
      2.425568785
     0.1528621763
     -5.468556748
     0.3895775386
    -0.3395879097
     0.1033091918
     0.5999942633
     0.5403611863
    -0.1053324888
   -0.01654123443
     -7.922723215
    0.04134001149
  Internal covariance matrix:
  0.00033424345 -1.8509536e-07 -8.6864139e-15  1.1431272e-13  9.1669541e-07  1.3673138e-07 -2.7349284e-15  -6.711072e-07 -5.1132568e-06  2.0543739e-14 -3.4191289e-05 -2.6028478e-06  7.0341695e-08  4.4739863e-14  -1.146726e-12  1.5146808e-06  2.6124633e-05
 -1.8509536e-07  0.00044875062  2.0689902e-15  1.3645515e-13  3.2332076e-08   8.627792e-09  6.5142418e-16  2.9036676e-07 -1.5868084e-06  2.4523072e-14   2.753901e-07 -1.0371744e-07 -1.1174456e-06  -1.065645e-14 -1.3688475e-12  -2.125485e-07  -3.938917e-05
 -8.6864139e-15  2.0689902e-15  0.00031328743 -1.1280481e-13 -1.6102632e-14  8.5339852e-15  5.1585244e-23  2.3224776e-15 -2.0623881e-13 -2.0272744e-14  1.3048936e-13 -3.9489181e-15 -1.0281626e-15 -8.4386732e-22  1.1315995e-12 -9.0309003e-15 -4.0879461e-13
  1.1431272e-13  1.3645515e-13 -1.1280481e-13  0.00067587788  6.0939609e-16  3.5280503e-16 -3.5516737e-14  9.8379977e-15 -8.7754134e-15  5.8428625e-23 -8.9577605e-15 -1.6749013e-13 -1.6850568e-13   5.810075e-13 -3.2614135e-21  -2.430467e-15 -1.3383932e-13
  9.1669541e-07  3.2332076e-08 -1.6102632e-14  6.0939609e-16  1.3428241e-05 -3.9699861e-08 -5.0699342e-15  8.4735568e-08   2.420504e-06  1.0951777e-16   -1.89329e-06  3.0895103e-07 -2.4189138e-08  8.2937512e-14 -6.1131463e-15 -1.8926308e-07 -3.5408552e-06
  1.3673138e-07   8.627792e-09  8.5339852e-15  3.5280503e-16 -3.9699861e-08  3.4100234e-06  2.6869361e-15  7.7914404e-08  5.4244591e-07  6.3404443e-17  4.3512928e-07  5.9933271e-08  2.0368815e-08  -4.395477e-14 -3.5391575e-15 -1.0864152e-07 -7.5188069e-06
 -2.7349284e-15  6.5142418e-16  5.1585244e-23 -3.5516737e-14 -5.0699342e-15  2.6869361e-15  3.1049735e-05    7.31235e-16 -6.4934552e-14 -6.3828993e-15   4.108474e-14 -1.2433219e-15  -3.237183e-16  -2.656927e-22  3.5628553e-13 -2.8433904e-15  -1.287095e-13
  -6.711072e-07  2.9036676e-07  2.3224776e-15  9.8379977e-15  8.4735568e-08  7.7914404e-08    7.31235e-16   2.373089e-06 -1.5238433e-06  1.7680382e-15  1.2307967e-07 -5.0923787e-07 -1.8452226e-07 -1.1962051e-14 -9.8689703e-14 -6.1452056e-07 -2.9875058e-05
