
[1mRooFit v3.60 -- Developed by Wouter Verkerke and David Kirkby[0m 
                Copyright (C) 2000-2013 NIKHEF, University of California & Stanford University
                All rights reserved, please read http://roofit.sourceforge.net/license.txt

Error in <TUnixSystem::FindDynamicLibrary>: ../utils/func_roofit/libRooGaussDoubleSidedExp[.so | .dll | .dylib | .sl | .dl | .a] does not exist in /cvmfs/sw.el7/gcc63/root/6.24.06/b01/lib64:/cvmfs/sw.el7/gcc63/root/6.24.06/b01/lib:/cvmfs/sw.el7/gcc63/pythia/8.2.40/b02/lib:/cvmfs/sw.el7/gcc/6.3/lib64:/cvmfs/sw.el7/gcc/6.3/lib:/cvmfs/sw.el7/gcc/6.3/libexec/gcc/x86_64-unknown-linux-gnu/6.3.1:.:/cvmfs/sw.el7/gcc63/root/6.24.06/b01/lib:/lib64/tls/x86_64:/lib64/tls:/lib64/x86_64:/lib64:/usr/lib64/tls/x86_64:/usr/lib64/tls:/usr/lib64/x86_64:/usr/lib64:/cvmfs/sw.el7/gcc63/root/6.24.06/b01/python/lib:/cvmfs/sw.el7/gcc63/root/6.24.06
start function declaration
mc file name: /lstore/cms/boletti/Run2-BdToKstarMuMu/2018MC_LMNR_newphi_punzi_removeTkMu_fixBkg_B0Psicut_addxcutvariable.root
data file name: /lstore/cms/boletti/Run2-BdToKstarMuMu/2018data_newphi_punzi_removeTkMu_fixBkg_B0Psicut_addxcutvariable.root
reading data...
[#0] ERROR:InputArguments -- Didn't find a branch in Tree 'ntuple' to read variable 'weight' from.
	Note: Name the RooFit variable the same as the branch.
it worked :)
reading monte carlo...
dimuon selection:  rejectPsi
now fitting:  0  for  correctTag  
fitting the mc...
 **********
 **    1 **SET PRINT           1
 **********
 **********
 **    2 **SET NOGRAD
 **********
 PARAMETER DEFINITIONS:
    NO.   NAME         VALUE      STEP SIZE      LIMITS
     1 #alpha_{RT1}^{0}   5.00000e-01  2.50000e-01    0.00000e+00  1.00000e+01
     2 #alpha_{RT2}^{0}   2.50000e+00  1.00000e+00    0.00000e+00  1.00000e+01
     3 #sigma_{RT1}^{0}   3.00000e-02  1.50000e-02    0.00000e+00  1.00000e+00
     4 mean_{RT}^{0}   5.27958e+00  2.00000e-02    5.20000e+00  5.40000e+00
     5 n_{RT1}^{0}   1.00000e+00  4.95000e-01    1.00000e-02  2.00000e+01
     6 n_{RT2}^{0}   1.00000e+00  4.95000e-01    1.00000e-02  1.00000e+02
 **********
 **    3 **SET ERR         0.5
 **********
 **********
 **    4 **SET PRINT           1
 **********
 **********
 **    5 **SET STR           1
 **********
 NOW USING STRATEGY  1: TRY TO BALANCE SPEED AGAINST RELIABILITY
 **********
 **    6 **MIGRAD        3000           1
 **********
 FIRST CALL TO USER FUNCTION AT NEW START POINT, WITH IFLAG=4.
 START MIGRAD MINIMIZATION.  STRATEGY  1.  CONVERGENCE WHEN EDM .LT. 1.00e-03
 FCN=-143435 FROM MIGRAD    STATUS=INITIATE       49 CALLS          50 TOTAL
                     EDM= unknown      STRATEGY= 1      NO ERROR MATRIX       
  EXT PARAMETER               CURRENT GUESS       STEP         FIRST   
  NO.   NAME      VALUE            ERROR          SIZE      DERIVATIVE 
   1  #alpha_{RT1}^{0}   5.00000e-01   2.50000e-01   0.00000e+00  -6.85123e+04
   2  #alpha_{RT2}^{0}   1.35730e+00   1.00000e+00  -2.92589e-01   8.10428e+01
   3  #sigma_{RT1}^{0}   3.00000e-02   1.50000e-02   0.00000e+00   3.08236e+04
   4  mean_{RT}^{0}   5.27958e+00   2.00000e-02   0.00000e+00  -3.18960e+04
   5  n_{RT1}^{0}   1.00000e+00   4.95000e-01   0.00000e+00  -3.28230e+04
   6  n_{RT2}^{0}   1.00000e+00   4.95000e-01   0.00000e+00  -3.94027e+03
                               ERR DEF= 0.5
 MIGRAD FAILS TO FIND IMPROVEMENT
 MIGRAD MINIMIZATION HAS CONVERGED.
 MIGRAD WILL VERIFY CONVERGENCE AND ERROR MATRIX.
 COVARIANCE MATRIX CALCULATED SUCCESSFULLY
 FCN=-160062 FROM MIGRAD    STATUS=CONVERGED     484 CALLS         485 TOTAL
                     EDM=0.000315083    STRATEGY= 1      ERROR MATRIX ACCURATE 
  EXT PARAMETER                                   STEP         FIRST   
  NO.   NAME      VALUE            ERROR          SIZE      DERIVATIVE 
   1  #alpha_{RT1}^{0}   1.08386e+00   2.45432e-02   5.61139e-04  -1.88128e+00
   2  #alpha_{RT2}^{0}   1.16810e+00   3.11631e-02   7.79542e-04  -3.47437e+00
   3  #sigma_{RT1}^{0}   2.99412e-02   2.83669e-04   1.75757e-04   7.45035e+00
   4  mean_{RT}^{0}   5.27988e+00   1.74674e-04   3.64277e-04   1.56507e+00
   5  n_{RT1}^{0}   6.38624e+00   5.74863e-01   6.26487e-03  -1.21075e-01
   6  n_{RT2}^{0}   2.22764e+01   9.38102e+00   2.56992e-02  -8.45261e-02
                               ERR DEF= 0.5
 EXTERNAL ERROR MATRIX.    NDIM=  25    NPAR=  6    ERR DEF=0.5
  6.024e-04  3.364e-04  5.041e-06 -1.781e-06 -1.212e-02 -3.755e-02 
  3.364e-04  9.712e-04  6.072e-06  1.096e-06 -3.686e-03 -2.415e-01 
  5.041e-06  6.072e-06  8.047e-08 -7.282e-09 -6.283e-05 -7.734e-04 
 -1.781e-06  1.096e-06 -7.282e-09  3.051e-08  3.522e-05 -3.274e-04 
 -1.212e-02 -3.686e-03 -6.283e-05  3.522e-05  3.309e-01  3.434e-01 
 -3.755e-02 -2.415e-01 -7.734e-04 -3.274e-04  3.434e-01  8.954e+01 
 PARAMETER  CORRELATION COEFFICIENTS  
       NO.  GLOBAL      1      2      3      4      5      6
        1  0.96634   1.000  0.440  0.724 -0.416 -0.859 -0.162
        2  0.95678   0.440  1.000  0.687  0.201 -0.206 -0.819
        3  0.92408   0.724  0.687  1.000 -0.147 -0.385 -0.288
        4  0.67322  -0.416  0.201 -0.147  1.000  0.351 -0.198
        5  0.93010  -0.859 -0.206 -0.385  0.351  1.000  0.063
        6  0.91186  -0.162 -0.819 -0.288 -0.198  0.063  1.000
 **********
 **    7 **SET ERR         0.5
 **********
 **********
 **    8 **SET PRINT           1
 **********
 **********
 **    9 **HESSE        3000
 **********
 COVARIANCE MATRIX CALCULATED SUCCESSFULLY
 FCN=-160062 FROM HESSE     STATUS=OK             40 CALLS         525 TOTAL
                     EDM=0.000375056    STRATEGY= 1      ERROR MATRIX ACCURATE 
  EXT PARAMETER                                INTERNAL      INTERNAL  
  NO.   NAME      VALUE            ERROR       STEP SIZE       VALUE   
   1  #alpha_{RT1}^{0}   1.08386e+00   2.59358e-02   1.12228e-04  -8.99842e-01
   2  #alpha_{RT2}^{0}   1.16810e+00   3.89981e-02   1.55908e-04  -8.73188e-01
   3  #sigma_{RT1}^{0}   2.99412e-02   2.99030e-04   3.51515e-05  -1.22298e+00
   4  mean_{RT}^{0}   5.27988e+00   1.78535e-04   7.28554e-05  -2.02544e-01
   5  n_{RT1}^{0}   6.38624e+00   6.02636e-01   2.50595e-04  -3.70474e-01
   6  n_{RT2}^{0}   2.22764e+01   1.20552e+01   1.02797e-03  -5.87914e-01
                               ERR DEF= 0.5
 EXTERNAL ERROR MATRIX.    NDIM=  25    NPAR=  6    ERR DEF=0.5
  6.727e-04  4.534e-04  5.712e-06 -1.805e-06 -1.357e-02 -7.168e-02 
  4.534e-04  1.521e-03  8.106e-06  1.750e-06 -5.129e-03 -4.228e-01 
  5.712e-06  8.106e-06  8.942e-08 -5.725e-09 -7.395e-05 -1.417e-03 
 -1.805e-06  1.750e-06 -5.725e-09  3.187e-08  3.760e-05 -5.588e-04 
 -1.357e-02 -5.129e-03 -7.395e-05  3.760e-05  3.637e-01  7.132e-01 
 -7.168e-02 -4.228e-01 -1.417e-03 -5.588e-04  7.132e-01  1.496e+02 
 PARAMETER  CORRELATION COEFFICIENTS  
       NO.  GLOBAL      1      2      3      4      5      6
        1  0.96991   1.000  0.448  0.737 -0.390 -0.868 -0.226
        2  0.97262   0.448  1.000  0.695  0.251 -0.218 -0.886
        3  0.93196   0.737  0.695  1.000 -0.107 -0.410 -0.387
        4  0.69038  -0.390  0.251 -0.107  1.000  0.349 -0.256
        5  0.93661  -0.868 -0.218 -0.410  0.349  1.000  0.097
        6  0.94803  -0.226 -0.886 -0.387 -0.256  0.097  1.000
fit status:  0 3
doublecb_RT0  -----> plotting  
Info in <TCanvas::MakeDefCanvas>:  created default TCanvas with name c1
setting nRT to  92305.0
Info in <TCanvas::Print>: pdf file fit_results_mass_checkOnMC/newbdt_puw/QUALITYsave_fit_mc_0_2018_RT_newSigmaFRT_asInANv8.pdf has been created
now fitting:  0  for   wrongTag
fitting the mc...
 **********
 **   10 **SET PRINT           1
 **********
 **********
 **   11 **SET NOGRAD
 **********
 PARAMETER DEFINITIONS:
    NO.   NAME         VALUE      STEP SIZE      LIMITS
     1 #alpha_{WT1}^{0}   5.00000e-01  2.50000e-01    0.00000e+00  1.00000e+01
     2 #alpha_{WT2}^{0}   2.50000e+00  1.00000e+00    0.00000e+00  1.00000e+01
     3 #sigma_{WT1}^{0}   3.00000e-02  1.50000e-02    0.00000e+00  1.00000e+00
     4 mean_{WT}^{0}   5.27958e+00  1.00000e-01    5.00000e+00  6.00000e+00
     5 n_{WT1}^{0}   1.00000e+00  4.95000e-01    1.00000e-02  1.00000e+02
     6 n_{WT2}^{0}   1.00000e+00  4.95000e-01    1.00000e-02  1.00000e+02
 **********
 **   12 **SET ERR         0.5
 **********
 **********
 **   13 **SET PRINT           1
 **********
 **********
 **   14 **SET STR           1
 **********
 NOW USING STRATEGY  1: TRY TO BALANCE SPEED AGAINST RELIABILITY
 **********
 **   15 **MIGRAD        3000           1
 **********
 FIRST CALL TO USER FUNCTION AT NEW START POINT, WITH IFLAG=4.
 START MIGRAD MINIMIZATION.  STRATEGY  1.  CONVERGENCE WHEN EDM .LT. 1.00e-03
 FCN=-11057.2 FROM MIGRAD    STATUS=INITIATE       24 CALLS          25 TOTAL
                     EDM= unknown      STRATEGY= 1      NO ERROR MATRIX       
  EXT PARAMETER               CURRENT GUESS       STEP         FIRST   
  NO.   NAME      VALUE            ERROR          SIZE      DERIVATIVE 
   1  #alpha_{WT1}^{0}   5.00000e-01   2.50000e-01   1.18625e-01  -9.36579e+03
   2  #alpha_{WT2}^{0}   2.50000e+00   1.00000e+00   2.35352e-01   6.52576e+03
   3  #sigma_{WT1}^{0}   3.00000e-02   1.50000e-02   9.09734e-02  -1.70775e+04
   4  mean_{WT}^{0}   5.27958e+00   1.00000e-01   2.26180e-01  -2.90662e+04
   5  n_{WT1}^{0}   1.00000e+00   4.95000e-01   5.17524e-02  -1.87040e+04
   6  n_{WT2}^{0}   1.00000e+00   4.95000e-01   5.17524e-02   4.96395e+03
                               ERR DEF= 0.5
 MIGRAD MINIMIZATION HAS CONVERGED.
 MIGRAD WILL VERIFY CONVERGENCE AND ERROR MATRIX.
 COVARIANCE MATRIX CALCULATED SUCCESSFULLY
 FCN=-13820.2 FROM MIGRAD    STATUS=CONVERGED     415 CALLS         416 TOTAL
                     EDM=1.65394e-05    STRATEGY= 1      ERROR MATRIX ACCURATE 
  EXT PARAMETER                                   STEP         FIRST   
  NO.   NAME      VALUE            ERROR          SIZE      DERIVATIVE 
   1  #alpha_{WT1}^{0}   7.06155e-01   4.53584e-02   2.94481e-04  -1.23000e-01
   2  #alpha_{WT2}^{0}   1.17298e+00   7.71351e-02   4.82197e-04  -4.07470e-01
   3  #sigma_{WT1}^{0}   4.61227e-02   1.73096e-03   1.72571e-04   9.70511e-01
   4  mean_{WT}^{0}   5.27008e+00   1.03733e-03   1.11747e-04   8.83280e-01
   5  n_{WT1}^{0}   1.07172e+01   3.07038e+00   2.92323e-03   1.13092e-02
   6  n_{WT2}^{0}   1.00085e+01   2.43729e+00   2.89485e-03  -7.17164e-02
                               ERR DEF= 0.5
 EXTERNAL ERROR MATRIX.    NDIM=  25    NPAR=  6    ERR DEF=0.5
  2.058e-03  2.216e-03  6.443e-05 -3.298e-05 -1.077e-01 -2.852e-02 
  2.216e-03  5.951e-03  1.093e-04 -1.952e-05 -5.497e-02 -1.452e-01 
  6.443e-05  1.093e-04  2.996e-06 -1.011e-06 -1.825e-03 -1.569e-03 
 -3.298e-05 -1.952e-05 -1.011e-06  1.076e-06  1.527e-03 -7.537e-05 
 -1.077e-01 -5.497e-02 -1.825e-03  1.527e-03  9.458e+00  5.126e-01 
 -2.852e-02 -1.452e-01 -1.569e-03 -7.537e-05  5.126e-01  5.954e+00 
 PARAMETER  CORRELATION COEFFICIENTS  
       NO.  GLOBAL      1      2      3      4      5      6
        1  0.97885   1.000  0.633  0.821 -0.701 -0.772 -0.258
        2  0.96876   0.633  1.000  0.819 -0.244 -0.232 -0.772
        3  0.96630   0.821  0.819  1.000 -0.563 -0.343 -0.372
        4  0.80826  -0.701 -0.244 -0.563  1.000  0.479 -0.030
        5  0.93073  -0.772 -0.232 -0.343  0.479  1.000  0.068
        6  0.90119  -0.258 -0.772 -0.372 -0.030  0.068  1.000
 **********
 **   16 **SET ERR         0.5
 **********
 **********
 **   17 **SET PRINT           1
 **********
 **********
 **   18 **HESSE        3000
 **********
 COVARIANCE MATRIX CALCULATED SUCCESSFULLY
 FCN=-13820.2 FROM HESSE     STATUS=OK             40 CALLS         456 TOTAL
                     EDM=1.70098e-05    STRATEGY= 1      ERROR MATRIX ACCURATE 
  EXT PARAMETER                                INTERNAL      INTERNAL  
  NO.   NAME      VALUE            ERROR       STEP SIZE       VALUE   
   1  #alpha_{WT1}^{0}   7.06155e-01   4.65894e-02   5.88962e-05  -1.03286e+00
   2  #alpha_{WT2}^{0}   1.17298e+00   7.99454e-02   9.64395e-05  -8.71670e-01
   3  #sigma_{WT1}^{0}   4.61227e-02   1.76520e-03   3.45142e-05  -1.13790e+00
   4  mean_{WT}^{0}   5.27008e+00   1.04578e-03   2.23493e-05  -4.77805e-01
   5  n_{WT1}^{0}   1.07172e+01   3.15825e+00   1.16929e-04  -9.04044e-01
   6  n_{WT2}^{0}   1.00085e+01   2.52430e+00   1.15794e-04  -9.27313e-01
                               ERR DEF= 0.5
 EXTERNAL ERROR MATRIX.    NDIM=  25    NPAR=  6    ERR DEF=0.5
  2.171e-03  2.371e-03  6.757e-05 -3.428e-05 -1.148e-01 -3.236e-02 
  2.371e-03  6.393e-03  1.162e-04 -2.058e-05 -6.034e-02 -1.587e-01 
  6.757e-05  1.162e-04  3.116e-06 -1.041e-06 -1.964e-03 -1.759e-03 
 -3.428e-05 -2.058e-05 -1.041e-06  1.094e-06  1.620e-03 -5.932e-05 
 -1.148e-01 -6.034e-02 -1.964e-03  1.620e-03  1.001e+01  6.100e-01 
 -3.236e-02 -1.587e-01 -1.759e-03 -5.932e-05  6.100e-01  6.387e+00 
 PARAMETER  CORRELATION COEFFICIENTS  
       NO.  GLOBAL      1      2      3      4      5      6
        1  0.97997   1.000  0.636  0.822 -0.704 -0.779 -0.275
        2  0.97096   0.636  1.000  0.823 -0.246 -0.239 -0.786
        3  0.96762   0.822  0.823  1.000 -0.564 -0.352 -0.394
        4  0.81171  -0.704 -0.246 -0.564  1.000  0.490 -0.022
        5  0.93467  -0.779 -0.239 -0.352  0.490  1.000  0.076
        6  0.90823  -0.275 -0.786 -0.394 -0.022  0.076  1.000
Info in <TCanvas::Print>: pdf file fit_results_mass_checkOnMC/newbdt_puw/QUALITYsave_fit_mc_0_2018_WT_newSigmaFRT_asInANv8.pdf has been created
fit status:  0 3
doublecb_0  -----> plotting  
setting nWT to  12519.0
mistag fraction on MC for bin  0  :  0.119428756773 +/- 0.269152750946
constraining var #sigma_{RT1}^{0} :  0.0299412108567  with uncertainty  0.000299029938731
constraining var #alpha_{RT1}^{0} :  1.08385770907  with uncertainty  0.0259358156376
constraining var n_{RT1}^{0} :  6.38624011343  with uncertainty  0.602636163452
constraining var #sigma_{WT1}^{0} :  0.0461226616583  with uncertainty  0.00176519765775
constraining var #alpha_{WT1}^{0} :  0.706155420291  with uncertainty  0.0465894428934
constraining var #alpha_{WT2}^{0} :  1.17297608777  with uncertainty  0.079945364585
constraining var n_{WT1}^{0} :  10.717229319  with uncertainty  3.15825085853
constraining var n_{WT2}^{0} :  10.0084523707  with uncertainty  2.52429661864
constraining var #alpha_{RT2}^{0} :  1.16809769073  with uncertainty  0.0389981220894
constraining var n_{RT2}^{0} :  22.2764465083  with uncertainty  12.0551758194
nsig is
104824.0
here
total pdf created
Minuit2Minimizer: Minimize with max-calls 7500 convergence for edm < 1 strategy 2
Info in <Minuit2>: MnSeedGenerator Initial state: FCN =       99079.27162 Edm =       107734.5715 NCalls =     51
Info in <Minuit2>: MnSeedGenerator Negative G2 found - new state: 
  Minimum value : 41874.02014
  Edm           : 61475.57834
  Internal parameters:
     -1.752852265
    -0.8731875413
     -1.032862055
    -0.8716700799
     -1.222975097
     -1.137900314
     -0.911383335
    -0.8650728059
     -1.556679488
     -1.628441827
    -0.5879140734
    -0.9040435291
    -0.9273134744
     -1.485490177
      1.530284206
  Internal gradient  :
  4.129984251e+10
     -5854.847817
    0.01673349354
    0.01187402368
      38327.38855
    0.02160350968
      129987.0928
    0.01171613515
      238.9757158
     -21597.77859
     -143.6109458
    0.01268516041
     0.0133113779
       981.571302
     -4.899043451
  Internal covariance matrix:
  2.0237981e-17              0              0              0              0              0              0              0              0              0              0              0              0              0              0
              0  3.5877588e-05              0              0              0              0              0              0              0              0              0              0              0              0              0
              0              0  0.00066146713              0              0              0              0              0              0              0              0              0              0              0              0
              0              0              0   0.0012345623              0              0              0              0              0              0              0              0              0              0              0
              0              0              0              0  5.2086742e-06              0              0              0              0              0              0              0              0              0              0
              0              0              0              0              0  0.00014164762              0              0              0              0              0              0              0              0              0
              0              0              0              0              0              0  1.1724507e-05              0              0              0              0              0              0              0              0
              0              0              0              0              0              0              0   0.0042789666              0              0              0              0              0              0              0
              0              0              0              0              0              0              0              0  0.00011816736              0              0              0              0              0              0
              0              0              0              0              0              0              0              0              0  8.8724123e-06              0              0              0              0              0
              0              0              0              0              0              0              0              0              0              0    0.004352479              0              0              0              0
              0              0              0              0              0              0              0              0              0              0              0    0.020867581              0              0              0
              0              0              0              0              0              0              0              0              0              0              0              0    0.014163463              0              0
              0              0              0              0              0              0              0              0              0              0              0              0              0  0.00016721734              0
              0              0              0              0              0              0              0              0              0              0              0              0              0              0    0.016474593
Minuit2:0: RuntimeWarning: MnPosDef Matrix forced pos-def by adding to diagonal 0.244678
Info in <Minuit2>: MnSeedGenerator run Hesse - new state: 
  Minimum value : 41874.02014
  Edm           : 9121965.98
  Internal parameters:
     -1.752852265
    -0.8731875413
     -1.032862055
    -0.8716700799
     -1.222975097
     -1.137900314
     -0.911383335
    -0.8650728059
     -1.556679488
     -1.628441827
    -0.5879140734
    -0.9040435291
    -0.9273134744
     -1.485490177
      1.530284206
  Internal gradient  :
      -4009.35339
     -5854.833695
  2.675610335e-05
  7.771770344e-07
      38327.37603
  1.529609467e-06
      129987.0954
  3.478770372e-07
       238.975847
     -21597.84919
     -143.5983948
  2.029597275e-05
  8.795657809e-07
      981.5687263
     -4.898100762
  Internal covariance matrix:
  3.4700261e-15  3.1542207e-10  4.3042393e-12   5.879511e-12 -4.1872897e-10  1.9883666e-12  2.9290194e-09  1.0984056e-11 -6.3884992e-11   3.722333e-10  7.2694875e-10   2.451341e-11  2.0146122e-11  3.1995502e-10  8.1556649e-11
  3.1542207e-10  5.9380911e-05   3.912513e-07  5.3444195e-07 -3.6809142e-05  1.8074065e-07  0.00026836614  9.9844026e-07 -5.9225431e-06  3.3899427e-05  1.6389255e-05  2.2282456e-06  1.8312633e-06  3.0836384e-05  7.9432331e-06
  4.3042393e-12   3.912513e-07  0.00053144169   7.292765e-09 -5.1939369e-07  2.4662367e-09  3.6331717e-06  1.3625079e-08 -7.9243293e-08  4.6172025e-07  9.0171073e-07  3.0407441e-08   2.499008e-08  3.9687388e-07  1.0116404e-07
   5.879511e-12  5.3444195e-07   7.292765e-09  0.00099188278 -7.0948215e-07  3.3689319e-09   4.962845e-06  1.8611065e-08 -1.0824496e-07  6.3070125e-07  1.2317208e-06  4.1534806e-08  3.4135002e-08  5.4212246e-07  1.3818721e-07
 -4.1872897e-10 -3.6809142e-05 -5.1939369e-07 -7.0948215e-07  5.5660064e-05 -2.3993671e-07 -0.00035663114  -1.325449e-06  7.9009741e-06 -4.6012564e-05 -8.7632378e-05 -2.9580396e-06 -2.4310379e-06 -3.9410245e-05  -1.008079e-05
  1.9883666e-12  1.8074065e-07  2.4662367e-09  3.3689319e-09 -2.3993671e-07  0.00011380376  1.6783633e-06   6.293813e-09 -3.6606867e-08  2.1329416e-07  4.1655013e-07  1.4046073e-08  1.1544303e-08  1.8333803e-07  4.6733275e-08
  2.9290194e-09  0.00026836614  3.6331717e-06   4.962845e-06 -0.00035663114  1.6783633e-06   0.0024847499  9.2715482e-06  -5.442483e-05  0.00031721202  0.00061797707   2.069156e-05   1.700517e-05  0.00027059171  6.9000602e-05
  1.0984056e-11  9.9844026e-07  1.3625079e-08  1.8611065e-08  -1.325449e-06   6.293813e-09  9.2715482e-06   0.0034378449 -2.0222171e-07   1.178271e-06  2.3010911e-06     7.7595e-08  6.3770744e-08  1.0127889e-06  2.5816026e-07
 -6.3884992e-11 -5.9225431e-06 -7.9243293e-08 -1.0824496e-07  7.9009741e-06 -3.6606867e-08  -5.442483e-05 -2.0222171e-07  9.6135493e-05 -6.9765761e-06 -1.3626779e-05 -4.5130503e-07 -3.7090093e-07 -5.9566977e-06 -1.5209581e-06
   3.722333e-10  3.3899427e-05  4.6172025e-07  6.3070125e-07 -4.6012564e-05  2.1329416e-07  0.00031721202   1.178271e-06 -6.9765761e-06  4.7818357e-05  7.8599729e-05  2.6295789e-06  2.1610955e-06  3.4516628e-05  8.8070341e-06
  7.2694875e-10  1.6389255e-05  9.0171073e-07  1.2317208e-06 -8.7632378e-05  4.1655013e-07  0.00061797707  2.3010911e-06 -1.3626779e-05  7.8599729e-05   0.0037407101  5.1354059e-06  4.2204866e-06   7.956314e-05   2.107372e-05
   2.451341e-11  2.2282456e-06  3.0407441e-08  4.1534806e-08 -2.9580396e-06  1.4046073e-08   2.069156e-05     7.7595e-08 -4.5130503e-07  2.6295789e-06  5.1354059e-06    0.016765619  1.4231886e-07  2.2602679e-06  5.7614308e-07
  2.0146122e-11  1.8312633e-06   2.499008e-08  3.4135002e-08 -2.4310379e-06  1.1544303e-08   1.700517e-05  6.3770744e-08 -3.7090093e-07  2.1610955e-06  4.2204866e-06  1.4231886e-07    0.011379335  1.8575806e-06  4.7349795e-07
  3.1995502e-10  3.0836384e-05  3.9687388e-07  5.4212246e-07 -3.9410245e-05  1.8333803e-07  0.00027059171  1.0127889e-06 -5.9566977e-06  3.4516628e-05   7.956314e-05  2.2602679e-06  1.8575806e-06  0.00016475893  9.5924536e-05
  8.1556649e-11  7.9432331e-06  1.0116404e-07  1.3818721e-07  -1.008079e-05  4.6733275e-08  6.9000602e-05  2.5816026e-07 -1.5209581e-06  8.8070341e-06   2.107372e-05  5.7614308e-07  4.7349795e-07  9.5924536e-05    0.013295767
Info in <Minuit2>: VariableMetricBuilder Start iterating until Edm is < 0.001 with call limit = 7500
Info in <Minuit2>: VariableMetricBuilder    0 - FCN =       41874.02014 Edm =        9121965.98 NCalls =    588
Minuit2:0: RuntimeWarning: DavidonErrorUpdator delgam < 0 : first derivatives increasing along search line
Info in <Minuit2>: VariableMetricBuilder    1 - FCN =       17837.09574 Edm =       14404044.51 NCalls =    651
Info in <Minuit2>: VariableMetricBuilder    2 - FCN =       7070.751453 Edm =       55632.99556 NCalls =    696
Minuit2:0: RuntimeWarning: VariableMetricBuilder Matrix not pos.def., try to make pos.def.
Minuit2:0: RuntimeWarning: MnPosDef non-positive diagonal element in covariance matrix[ 0 ] = -3.28681e-18
Minuit2:0: RuntimeWarning: MnPosDef Added to diagonal of Error matrix a value 0.500001
Info in <Minuit2>: VariableMetricBuilder    3 - FCN =      -959.0094448 Edm =   1.119676261e+21 NCalls =    743
Minuit2:0: RuntimeWarning: VariableMetricBuilder No improvement in line search
Info in <Minuit2>: VariableMetricBuilder    4 - FCN =      -959.0094448 Edm =   1.119676261e+21 NCalls =    754
Minuit2:0: RuntimeWarning: VariableMetricBuilder Iterations finish without convergence; Edm 1.7046e+21 Requested 0.001
Minuit2:0: RuntimeWarning: MnPosDef non-positive diagonal element in covariance matrix[ 8 ] = -315.006
Minuit2:0: RuntimeWarning: MnPosDef non-positive diagonal element in covariance matrix[ 10 ] = -113.848
Minuit2:0: RuntimeWarning: MnPosDef non-positive diagonal element in covariance matrix[ 13 ] = -16917
Minuit2:0: RuntimeWarning: MnPosDef non-positive diagonal element in covariance matrix[ 14 ] = -2.67213
Minuit2:0: RuntimeWarning: MnPosDef Added to diagonal of Error matrix a value 16917.5
Minuit2:0: RuntimeWarning: MnPosDef Matrix forced pos-def by adding to diagonal 30.8362
Info in <Minuit2>: VariableMetricBuilder After Hessian
Info in <Minuit2>: VariableMetricBuilder    5 - FCN =      -959.0094448 Edm =       630176.1151 NCalls =    922
Info in <Minuit2>: VariableMetricBuilder Tolerance not sufficient, continue minimization; Edm 630176 Required 0.001
Info in <Minuit2>: VariableMetricBuilder    6 - FCN =      -988.0330865 Edm =       1291809.928 NCalls =    975
Minuit2:0: RuntimeWarning: VariableMetricBuilder No improvement in line search
Info in <Minuit2>: VariableMetricBuilder    7 - FCN =      -988.0330865 Edm =       1291809.928 NCalls =    985
Minuit2:0: RuntimeWarning: VariableMetricBuilder Iterations finish without convergence; Edm 1.52482e+10 Requested 0.001
Minuit2:0: RuntimeWarning: VariableMetricBuilder FunctionMinimum is invalid after second try
Minuit2:0: RuntimeWarning: Minuit2Minimizer::Minimize Minimization did NOT converge, Edm is above max
Minuit2Minimizer : Invalid Minimum - status = 3
FVAL  = -988.033
Edm   = 1.29181e+06
Nfcn  = 975
Info in <Minuit2>: Minuit2Minimizer::Hesse Using max-calls 7500
Minuit2:0: RuntimeWarning: MnPosDef non-positive diagonal element in covariance matrix[ 8 ] = -129.996
Minuit2:0: RuntimeWarning: MnPosDef non-positive diagonal element in covariance matrix[ 10 ] = -30.9404
Minuit2:0: RuntimeWarning: MnPosDef Added to diagonal of Error matrix a value 130.496
Minuit2:0: RuntimeWarning: MnPosDef Matrix forced pos-def by adding to diagonal 0.245408
Info in <Minuit2>: Minuit2Minimizer::Hesse Hesse is valid - matrix is full but made positive defined
fit with Hesse strategy 2 done, now Minos
Minuit2Minimizer: Minimize with max-calls 7500 convergence for edm < 1 strategy 2
Info in <Minuit2>: MnSeedGenerator Initial state: FCN =      -988.0330865 Edm =       631.5699703 NCalls =     59
Info in <Minuit2>: MnSeedGenerator Negative G2 found - new state: 
  Minimum value : -1073.250636
  Edm           : 372.5809672
  Internal parameters:
     -1.388740223
    -0.9770836212
     -1.033176155
    -0.8720993727
     -1.199744847
     -1.138046572
     -1.500348333
    -0.8659074643
    -0.2926848544
     -1.449815256
    -0.7910992894
    -0.9057175454
    -0.9287056109
        -1.435122
      1.519119762
  Internal gradient  :
     -68453938.92
     -614.0376842
    -0.9485258305
    -0.6946197914
      8354.423463
     -2.063554374
      10811.21171
    -0.3892467807
     -4.932338661
      106.8884631
     -1.557734994
    -0.1596003579
    -0.1956879345
       1059.44086
     -10.20226496
  Internal covariance matrix:
  9.6736986e-15              0              0              0              0              0              0              0              0              0              0              0              0              0              0
              0  0.00045534093              0              0              0              0              0              0              0              0              0              0              0              0              0
              0              0  0.00066251492              0              0              0              0              0              0              0              0              0              0              0              0
              0              0              0   0.0012364565              0              0              0              0              0              0              0              0              0              0              0
              0              0              0              0  5.1298103e-06              0              0              0              0              0              0              0              0              0              0
              0              0              0              0              0  0.00014178238              0              0              0              0              0              0              0              0              0
              0              0              0              0              0              0  5.4380411e-06              0              0              0              0              0              0              0              0
              0              0              0              0              0              0              0   0.0042915793              0              0              0              0              0              0              0
              0              0              0              0              0              0              0              0   0.0042755217              0              0              0              0              0              0
              0              0              0              0              0              0              0              0              0   0.0058958581              0              0              0              0              0
              0              0              0              0              0              0              0              0              0              0     0.58435751              0              0              0              0
              0              0              0              0              0              0              0              0              0              0              0    0.021001875              0              0              0
              0              0              0              0              0              0              0              0              0              0              0              0    0.014242976              0              0
              0              0              0              0              0              0              0              0              0              0              0              0              0  0.00018685107              0
              0              0              0              0              0              0              0              0              0              0              0              0              0              0    0.010056486
Info in <Minuit2>: MnSeedGenerator run Hesse - new state: 
  Minimum value : -1073.250636
  Edm           : 412.0508049
  Internal parameters:
     -1.388740223
    -0.9770836212
     -1.033176155
    -0.8720993727
     -1.199744847
     -1.138046572
     -1.500348333
    -0.8659074643
    -0.2926848544
     -1.449815256
    -0.7910992894
    -0.9057175454
    -0.9287056109
        -1.435122
      1.519119762
  Internal gradient  :
      17.70590862
     -614.0381369
    -0.9489382875
    -0.6949125281
      8354.422884
     -2.064086561
      10811.21211
    -0.3895360332
     -4.932477203
      106.8913352
     -1.559061512
    -0.1599145277
    -0.1960173092
      1059.440715
     -10.20223019
  Internal covariance matrix:
  9.6736994e-15  1.8280444e-16 -2.3517194e-24  7.2994132e-21 -1.9433025e-17  1.2369206e-21  7.5249002e-16 -1.3604854e-20  -4.709913e-15 -3.5433947e-14  2.1822538e-14 -8.3089561e-24   2.920066e-24  3.9598274e-16  1.6081055e-16
  1.8280444e-16   0.0004641003 -1.8122012e-14  4.6365761e-14  -3.251496e-07  -8.937668e-14   6.145446e-07 -2.1804774e-13  2.8148671e-05 -6.4574117e-05   0.0020578564 -3.1895978e-13 -2.2956681e-12  1.6791334e-05   7.705687e-06
 -2.3517194e-24 -1.8122012e-14  0.00066251492  8.0386644e-13  2.0267416e-15  1.3610548e-13  4.3202902e-14 -1.4976249e-12 -8.8644032e-13  7.3910301e-13  -1.157761e-12  3.3130158e-12  6.2590412e-21 -4.6109141e-14 -1.1047564e-14
  7.2994132e-21  4.6365761e-14  8.0386644e-13   0.0012364565  6.8803838e-14 -1.8593759e-13 -2.1303393e-14 -9.3108874e-21  4.6246645e-13 -4.0051082e-14  5.5582334e-13  5.3861117e-21  3.7272321e-12  5.2536825e-13  3.5891109e-12
 -1.9433025e-17  -3.251496e-07  2.0267416e-15  6.8803838e-14  5.1535106e-06  1.1483968e-14 -1.2539311e-07 -1.3064709e-13 -7.1888842e-06  6.7165958e-06 -5.1603255e-05  1.6212642e-15  7.4157468e-15 -3.6191023e-07 -1.6608118e-07
  1.2369206e-21  -8.937668e-14  1.3610548e-13 -1.8593759e-13  1.1483968e-14  0.00014178238 -8.4051137e-15 -3.4640676e-13 -1.5581665e-13 -3.7786069e-13  4.5518675e-12  -7.663141e-13  6.3107091e-13  1.2098634e-13  6.1861526e-13
  7.5249002e-16   6.145446e-07  4.3202902e-14 -2.1303393e-14 -1.2539311e-07 -8.4051137e-15  1.4000289e-05 -1.9124307e-14 -5.9854632e-05 -0.00035094297  7.3331988e-05 -7.1229014e-14  4.5475733e-14 -2.1133773e-06 -7.4347775e-08
 -1.3604854e-20 -2.1804774e-13 -1.4976249e-12 -9.3108874e-21 -1.3064709e-13 -3.4640676e-13 -1.9124307e-14   0.0042915793  3.8949541e-12  2.4502325e-12 -5.2671463e-11  7.0870086e-21 -6.9439341e-12 -1.2590481e-12 -6.7994767e-12
  -4.709913e-15  2.8148671e-05 -8.8644032e-13  4.6246645e-13 -7.1888842e-06 -1.5581665e-13 -5.9854632e-05  3.8949541e-12   0.0048515063   0.0018400434  -0.0058054449  5.7501301e-12 -4.0678277e-12 -0.00022847511   -8.85556e-05
 -3.5433947e-14 -6.4574117e-05  7.3910301e-13 -4.0051082e-14  6.7165958e-06 -3.7786069e-13 -0.00035094297  2.4502325e-12   0.0018400434    0.015115162  -0.0097082398  3.4453274e-12 -1.1742886e-12 -0.00021931443 -8.6607855e-05
  2.1822538e-14   0.0020578564  -1.157761e-12  5.5582334e-13 -5.1603255e-05  4.5518675e-12  7.3331988e-05 -5.2671463e-11  -0.0058054449  -0.0097082398     0.61030708 -1.0851747e-10 -5.3753496e-12   0.0010123631   0.0004479906
 -8.3089561e-24 -3.1895978e-13  3.3130158e-12  5.3861117e-21  1.6212642e-15  -7.663141e-13 -7.1229014e-14  7.0870086e-21  5.7501301e-12  3.4453274e-12 -1.0851747e-10    0.021001875 -6.5066956e-21 -3.9527384e-13 -1.6257247e-13
   2.920066e-24 -2.2956681e-12  6.2590412e-21  3.7272321e-12  7.4157468e-15  6.3107091e-13  4.5475733e-14 -6.9439341e-12 -4.0678277e-12 -1.1742886e-12 -5.3753496e-12 -6.5066956e-21    0.014242976  1.0284357e-13  3.3997165e-14
  3.9598274e-16  1.6791334e-05 -4.6109141e-14  5.2536825e-13 -3.6191023e-07  1.2098634e-13 -2.1133773e-06 -1.2590481e-12 -0.00022847511 -0.00021931443   0.0010123631 -3.9527384e-13  1.0284357e-13  0.00021333804  0.00017462946
  1.6081055e-16   7.705687e-06 -1.1047564e-14  3.5891109e-12 -1.6608118e-07  6.1861526e-13 -7.4347775e-08 -6.7994767e-12   -8.85556e-05 -8.6607855e-05   0.0004479906 -1.6257247e-13  3.3997165e-14  0.00017462946    0.010205344
Info in <Minuit2>: VariableMetricBuilder Start iterating until Edm is < 0.001 with call limit = 7500
Info in <Minuit2>: VariableMetricBuilder    0 - FCN =      -1073.250636 Edm =       412.0508049 NCalls =    277
Info in <Minuit2>: VariableMetricBuilder    1 - FCN =      -1377.953677 Edm =       272.2969627 NCalls =    321
Minuit2:0: RuntimeWarning: DavidonErrorUpdator delgam < 0 : first derivatives increasing along search line
Info in <Minuit2>: VariableMetricBuilder    2 - FCN =      -1392.853386 Edm =       461.8497907 NCalls =    360
Minuit2:0: RuntimeWarning: VariableMetricBuilder Matrix not pos.def, gdel = 148.275 > 0
Minuit2:0: RuntimeWarning: MnPosDef non-positive diagonal element in covariance matrix[ 0 ] = -1.07153e-16
Minuit2:0: RuntimeWarning: MnPosDef Added to diagonal of Error matrix a value 0.500001
Minuit2:0: RuntimeWarning: VariableMetricBuilder gdel = -2.09255e+17
Minuit2:0: RuntimeWarning: VariableMetricBuilder No improvement in line search
Info in <Minuit2>: VariableMetricBuilder    3 - FCN =      -1392.853386 Edm =       461.8497907 NCalls =    371
Minuit2:0: RuntimeWarning: VariableMetricBuilder Iterations finish without convergence; Edm 515.816 Requested 0.001
Minuit2:0: RuntimeWarning: MnPosDef non-positive diagonal element in covariance matrix[ 14 ] = -16.5249
Minuit2:0: RuntimeWarning: MnPosDef Added to diagonal of Error matrix a value 17.0249
Info in <Minuit2>: VariableMetricBuilder After Hessian
Info in <Minuit2>: VariableMetricBuilder    4 - FCN =      -1392.853386 Edm =       64.85902778 NCalls =    539
Info in <Minuit2>: VariableMetricBuilder Tolerance not sufficient, continue minimization; Edm 64.859 Required 0.001
Info in <Minuit2>: VariableMetricBuilder    5 - FCN =      -1432.951318 Edm =       249.0194605 NCalls =    577
Info in <Minuit2>: VariableMetricBuilder    6 - FCN =      -1434.628021 Edm =       119.6057395 NCalls =    617
Info in <Minuit2>: VariableMetricBuilder    7 - FCN =      -1434.769981 Edm =       58.57915765 NCalls =    656
Info in <Minuit2>: VariableMetricBuilder    8 - FCN =      -1435.304335 Edm =       21.62589329 NCalls =    694
Minuit2:0: RuntimeWarning: VariableMetricBuilder No improvement in line search
Info in <Minuit2>: VariableMetricBuilder    9 - FCN =      -1435.304335 Edm =       21.62589329 NCalls =    705
Minuit2:0: RuntimeWarning: VariableMetricBuilder Iterations finish without convergence; Edm 139.549 Requested 0.001
Minuit2:0: RuntimeWarning: VariableMetricBuilder FunctionMinimum is invalid after second try
Minuit2:0: RuntimeWarning: Minuit2Minimizer::Minimize Minimization did NOT converge, Edm is above max
Minuit2Minimizer : Invalid Minimum - status = 3
FVAL  = -1435.3
Edm   = 21.6259
Nfcn  = 694
Info in <Minuit2>: Minuit2Minimizer::Hesse Using max-calls 7500
Info in <Minuit2>: Minuit2Minimizer::Hesse Hesse is valid - matrix is accurate
******************************************************************************************************
Minuit2Minimizer::GetMinosError - Run MINOS LOWER error for parameter #0 : #alpha_{RT1}^{0} using max-calls 7500, tolerance 1
Info in <Minuit2>: MnMinos Determination of lower Minos error for parameter 0
Info in <Minuit2>: MnFunctionCross Run Migrad with fixed parameters:
  Pos 0: #alpha_{RT1}^{0} = 0.0826326
Info in <Minuit2>: MnSeedGenerator Initial state: FCN =      -1435.304331 Edm =        6.14860971 NCalls =     29
Info in <Minuit2>: VariableMetricBuilder Start iterating until Edm is < 0.0005 with call limit = 7500
Info in <Minuit2>: VariableMetricBuilder    0 - FCN =      -1435.304331 Edm =        6.14860971 NCalls =     29
Info in <Minuit2>: VariableMetricBuilder    1 - FCN =      -1441.276397 Edm =       2.347627718 NCalls =     60
Info in <Minuit2>: VariableMetricBuilder    2 - FCN =      -1441.443968 Edm =     0.07013002464 NCalls =     93
Info in <Minuit2>: VariableMetricBuilder    3 - FCN =      -1441.474844 Edm =    0.001497316004 NCalls =    125
Info in <Minuit2>: VariableMetricBuilder    4 - FCN =       -1441.47648 Edm =   7.999573555e-05 NCalls =    157
Info in <Minuit2>: MnFunctionCross Result after Migrad FCN =       -1441.47648 Edm =   7.999573555e-05 NCalls =    157 
  Pos |    Name    |  type   |      Value       |    Error +/-
    0 | #alpha_{RT1}^{0} |  fixed  |    0.08263259684 | 1.672504774e-08
    1 | #alpha_{RT2}^{0} | limited |      1.171003418 | 0.0390984447
    2 | #alpha_{WT1}^{0} | limited |     0.7061548052 | 0.04659003152
    3 | #alpha_{WT2}^{0} | limited |      1.172975055 | 0.07994246441
    4 | #sigma_{RT1}^{0} | limited |    0.02987300905 | 0.0002984002279
    5 | #sigma_{WT1}^{0} | limited |    0.04612264581 | 0.001765248072
    6 |      Yield | limited |      499.3625413 |  31.40864107
    7 |  f_{M}^{0} | limited |      0.119428431 | 0.01499668398
    8 | mean_{RT}^{0} | limited |      5.293379856 | 0.00455910343
    9 | n_{RT1}^{0} | limited |      6.418018101 | 0.6058408634
   10 | n_{RT2}^{0} | limited |      22.62883665 |  10.87685574
   11 | n_{WT1}^{0} | limited |       10.7170773 |  3.153946053
   12 | n_{WT2}^{0} | limited |      10.00834677 |  2.522075789
