
[1mRooFit v3.60 -- Developed by Wouter Verkerke and David Kirkby[0m 
                Copyright (C) 2000-2013 NIKHEF, University of California & Stanford University
                All rights reserved, please read http://roofit.sourceforge.net/license.txt

Error in <TUnixSystem::FindDynamicLibrary>: ../utils/func_roofit/libRooGaussDoubleSidedExp[.so | .dll | .dylib | .sl | .dl | .a] does not exist in /cvmfs/sw.el7/gcc63/root/6.24.06/b01/lib64:/cvmfs/sw.el7/gcc63/root/6.24.06/b01/lib:/cvmfs/sw.el7/gcc63/pythia/8.2.40/b02/lib:/cvmfs/sw.el7/gcc/6.3/lib64:/cvmfs/sw.el7/gcc/6.3/lib:/cvmfs/sw.el7/gcc/6.3/libexec/gcc/x86_64-unknown-linux-gnu/6.3.1:.:/cvmfs/sw.el7/gcc63/root/6.24.06/b01/lib:/lib64/tls/x86_64:/lib64/tls:/lib64/x86_64:/lib64:/usr/lib64/tls/x86_64:/usr/lib64/tls:/usr/lib64/x86_64:/usr/lib64:/cvmfs/sw.el7/gcc63/root/6.24.06/b01/python/lib:/cvmfs/sw.el7/gcc63/root/6.24.06
start function declaration
mc file name: /lstore/cms/boletti/Run2-BdToKstarMuMu/2018MC_PSI_newphi_punzi_removeTkMu_fixBkg_B0Psicut_addxcutvariable.root
data file name: /lstore/cms/boletti/Run2-BdToKstarMuMu/2018data_newphi_punzi_removeTkMu_fixBkg_B0Psicut_addxcutvariable.root
reading data...
[#0] ERROR:InputArguments -- Didn't find a branch in Tree 'ntuple' to read variable 'weight' from.
	Note: Name the RooFit variable the same as the branch.
it worked :)
reading monte carlo...
dimuon selection:  keepPsiP
dimuon selection:  keepPsiP
dimuon selection:  keepPsiP
dimuon selection:  keepPsiP
dimuon selection:  keepPsiP
dimuon selection:  keepPsiP
dimuon selection:  keepPsiP
now fitting:  6  for  correctTag  
fitting the mc...
 **********
 **    1 **SET PRINT           1
 **********
 **********
 **    2 **SET NOGRAD
 **********
 PARAMETER DEFINITIONS:
    NO.   NAME         VALUE      STEP SIZE      LIMITS
     1 #alpha_{RT1}^{6}   1.50000e+00  7.50000e-01    0.00000e+00  1.00000e+01
     2 #alpha_{RT2}^{6}  -2.00000e+00  1.00000e+00   -1.00000e+01  0.00000e+00
     3 #sigma_{RT1}^{6}   2.80000e-02  1.40000e-02    0.00000e+00  1.00000e+00
     4 #sigma_{RT2}^{6}   4.80000e-02  2.40000e-02    0.00000e+00  1.00000e+00
     5 f^{RT6}      8.00000e-01  1.00000e-01    0.00000e+00  1.00000e+00
     6 mean_{RT}^{6}   5.27958e+00  2.00000e-02    5.20000e+00  5.40000e+00
     7 n_{RT1}^{6}   1.00000e+00  4.99500e-01    1.00000e-03  2.00000e+02
     8 n_{RT2}^{6}   1.00000e+00  4.99500e-01    1.00000e-03  2.00000e+02
 **********
 **    3 **SET ERR         0.5
 **********
 **********
 **    4 **SET PRINT           1
 **********
 **********
 **    5 **SET STR           1
 **********
 NOW USING STRATEGY  1: TRY TO BALANCE SPEED AGAINST RELIABILITY
 **********
 **    6 **MIGRAD        4000           1
 **********
 FIRST CALL TO USER FUNCTION AT NEW START POINT, WITH IFLAG=4.
 START MIGRAD MINIMIZATION.  STRATEGY  1.  CONVERGENCE WHEN EDM .LT. 1.00e-03
 FCN=-347762 FROM MIGRAD    STATUS=INITIATE       34 CALLS          35 TOTAL
                     EDM= unknown      STRATEGY= 1      NO ERROR MATRIX       
  EXT PARAMETER               CURRENT GUESS       STEP         FIRST   
  NO.   NAME      VALUE            ERROR          SIZE      DERIVATIVE 
   1  #alpha_{RT1}^{6}   1.50000e+00   7.50000e-01   2.16811e-01  -8.16858e+04
   2  #alpha_{RT2}^{6}  -2.00000e+00   1.00000e+00   2.57889e-01   1.18991e+04
   3  #sigma_{RT1}^{6}   2.80000e-02   1.40000e-02   8.78020e-02  -2.78353e+04
   4  #sigma_{RT2}^{6}   4.80000e-02   2.40000e-02   1.16111e-01   1.40787e+04
   5  f^{RT6}      8.00000e-01   1.00000e-01   2.57889e-01   5.18928e+03
   6  mean_{RT}^{6}   5.27958e+00   2.00000e-02   2.05952e-01  -2.68078e+04
   7  n_{RT1}^{6}   1.00000e+00   4.99500e-01   3.66720e-02  -2.06343e+05
   8  n_{RT2}^{6}   1.00000e+00   4.99500e-01   3.66720e-02  -1.74314e+04
                               ERR DEF= 0.5
 MIGRAD MINIMIZATION HAS CONVERGED.
 FCN=-359815 FROM MIGRAD    STATUS=CONVERGED     550 CALLS         551 TOTAL
                     EDM=1.00854e-05    STRATEGY= 1  ERROR MATRIX UNCERTAINTY   3.0 per cent
  EXT PARAMETER                                   STEP         FIRST   
  NO.   NAME      VALUE            ERROR          SIZE      DERIVATIVE 
   1  #alpha_{RT1}^{6}   1.23146e+00   4.58726e-02  -1.36042e-04   4.10164e-01
   2  #alpha_{RT2}^{6}  -2.93976e+00   7.00699e-02  -1.75742e-05  -6.90215e-02
   3  #sigma_{RT1}^{6}   2.47306e-02   3.57316e-04   3.43857e-06  -2.23834e+00
   4  #sigma_{RT2}^{6}   4.05597e-02   2.45980e-04  -6.88476e-06  -1.34967e+00
   5  f^{RT6}      4.11240e-01   1.46481e-02   3.13264e-05   1.52321e-01
   6  mean_{RT}^{6}   5.27948e+00   1.18126e-04   7.74063e-06   1.07016e+00
   7  n_{RT1}^{6}   7.16552e+00   7.81072e-01   2.29366e-04  -3.70677e-02
   8  n_{RT2}^{6}   2.78381e+00   4.74491e-01  -5.58888e-05   7.26574e-02
                               ERR DEF= 0.5
 EXTERNAL ERROR MATRIX.    NDIM=  25    NPAR=  8    ERR DEF=0.5
  2.104e-03 -2.324e-04  6.891e-06  6.960e-06  1.815e-04 -3.753e-06 -2.853e-02 -9.534e-04 
 -2.324e-04  4.910e-03  2.216e-06 -1.272e-06  7.778e-05  5.350e-07  5.632e-03  2.868e-02 
  6.891e-06  2.216e-06  1.277e-07  5.069e-08  4.456e-06 -3.441e-09  3.305e-05  5.822e-06 
  6.960e-06 -1.272e-06  5.069e-08  6.051e-08  2.644e-06 -8.810e-09 -3.698e-05 -4.763e-06 
  1.815e-04  7.778e-05  4.456e-06  2.644e-06  2.146e-04  1.199e-07  3.077e-03  1.415e-04 
 -3.753e-06  5.350e-07 -3.441e-09 -8.810e-09  1.199e-07  1.395e-08  5.959e-05  8.941e-07 
 -2.853e-02  5.632e-03  3.305e-05 -3.698e-05  3.077e-03  5.959e-05  6.102e-01  2.007e-02 
 -9.534e-04  2.868e-02  5.822e-06 -4.763e-06  1.415e-04  8.941e-07  2.007e-02  2.252e-01 
 PARAMETER  CORRELATION COEFFICIENTS  
       NO.  GLOBAL      1      2      3      4      5      6      7      8
        1  0.97544   1.000 -0.072  0.420  0.617  0.270 -0.693 -0.796 -0.044
        2  0.87380  -0.072  1.000  0.089 -0.074  0.076  0.065  0.103  0.863
        3  0.93410   0.420  0.089  1.000  0.577  0.851 -0.082  0.118  0.034
        4  0.91049   0.617 -0.074  0.577  1.000  0.734 -0.303 -0.192 -0.041
        5  0.95024   0.270  0.076  0.851  0.734  1.000  0.069  0.269  0.020
        6  0.75528  -0.693  0.065 -0.082 -0.303  0.069  1.000  0.646  0.016
        7  0.95802  -0.796  0.103  0.118 -0.192  0.269  0.646  1.000  0.054
        8  0.86883  -0.044  0.863  0.034 -0.041  0.020  0.016  0.054  1.000
 **********
 **    7 **SET ERR         0.5
 **********
 **********
 **    8 **SET PRINT           1
 **********
 **********
 **    9 **HESSE        4000
 **********
 COVARIANCE MATRIX CALCULATED SUCCESSFULLY
 FCN=-359815 FROM HESSE     STATUS=OK             75 CALLS         626 TOTAL
                     EDM=0.000149838    STRATEGY= 1      ERROR MATRIX ACCURATE 
  EXT PARAMETER                                INTERNAL      INTERNAL  
  NO.   NAME      VALUE            ERROR       STEP SIZE       VALUE   
   1  #alpha_{RT1}^{6}   1.23146e+00   4.26419e-02   1.26920e-03  -8.53687e-01
   2  #alpha_{RT2}^{6}  -2.93976e+00   6.80141e-02   3.15919e-03   4.24701e-01
   3  #sigma_{RT1}^{6}   2.47306e-02   4.05623e-04   3.45843e-04  -1.25497e+00
   4  #sigma_{RT2}^{6}   4.05597e-02   2.58341e-04   2.15640e-04  -1.16523e+00
   5  f^{RT6}      4.11240e-01   1.61275e-02   3.91740e-03  -1.78466e-01
   6  mean_{RT}^{6}   5.27948e+00   1.22324e-04   3.47315e-04  -2.06638e-01
   7  n_{RT1}^{6}   7.16552e+00   6.84174e-01   2.51350e-03  -1.18996e+00
   8  n_{RT2}^{6}   2.78381e+00   4.37189e-01   4.00434e-03  -1.33433e+00
                               ERR DEF= 0.5
 EXTERNAL ERROR MATRIX.    NDIM=  25    NPAR=  8    ERR DEF=0.5
  1.818e-03 -1.080e-04  9.189e-06  6.944e-06  2.699e-04 -3.565e-06 -1.997e-02 -2.677e-04 
 -1.080e-04  4.626e-03  2.174e-06 -8.885e-07  6.714e-05  2.018e-07  3.672e-03  2.532e-02 
  9.189e-06  2.174e-06  1.645e-07  6.613e-08  5.688e-06 -1.142e-08  4.237e-05  4.666e-06 
  6.944e-06 -8.885e-07  6.613e-08  6.674e-08  3.274e-06 -9.814e-09 -1.225e-05 -2.805e-06 
  2.699e-04  6.714e-05  5.688e-06  3.274e-06  2.602e-04 -1.129e-07  3.244e-03  1.230e-04 
 -3.565e-06  2.018e-07 -1.142e-08 -9.814e-09 -1.129e-07  1.496e-08  4.525e-05  2.537e-07 
 -1.997e-02  3.672e-03  4.237e-05 -1.225e-05  3.244e-03  4.525e-05  4.681e-01  7.967e-03 
 -2.677e-04  2.532e-02  4.666e-06 -2.805e-06  1.230e-04  2.537e-07  7.967e-03  1.912e-01 
 PARAMETER  CORRELATION COEFFICIENTS  
       NO.  GLOBAL      1      2      3      4      5      6      7      8
        1  0.97175   1.000 -0.037  0.531  0.630  0.392 -0.683 -0.685 -0.014
        2  0.85971  -0.037  1.000  0.079 -0.051  0.061  0.024  0.079  0.851
        3  0.94754   0.531  0.079  1.000  0.631  0.869 -0.230  0.153  0.026
        4  0.91758   0.630 -0.051  0.631  1.000  0.786 -0.311 -0.069 -0.025
        5  0.95747   0.392  0.061  0.869  0.786  1.000 -0.057  0.294  0.017
        6  0.74156  -0.683  0.024 -0.230 -0.311 -0.057  1.000  0.541  0.005
        7  0.94395  -0.685  0.079  0.153 -0.069  0.294  0.541  1.000  0.027
        8  0.85554  -0.014  0.851  0.026 -0.025  0.017  0.005  0.027  1.000
fit status:  0 3
doublecb_RT6  -----> plotting  
Info in <TCanvas::MakeDefCanvas>:  created default TCanvas with name c1
cbshape_RT1_6  -----> plotting  
cbshape_RT2_6  -----> plotting  
setting nRT to  192011.0
Info in <TCanvas::Print>: pdf file fit_results_mass_checkOnMC/newbdt_puw/save_fit_mc_6_2018_RT_newSigmaFRT_asInANv8.pdf has been created
now fitting:  6  for   wrongTag
fitting the mc...
 **********
 **    1 **SET PRINT           1
 **********
 **********
 **    2 **SET NOGRAD
 **********
 PARAMETER DEFINITIONS:
    NO.   NAME         VALUE      STEP SIZE      LIMITS
     1 #alpha_{WT1}^{6}   5.00000e-01  2.50000e-01    0.00000e+00  1.00000e+01
     2 #alpha_{WT2}^{6}   2.50000e+00  1.00000e+00    0.00000e+00  1.00000e+01
     3 #sigma_{WT1}^{6}   3.00000e-02  1.50000e-02    0.00000e+00  1.00000e+00
     4 mean_{WT}^{6}   5.27958e+00  1.00000e-01    5.00000e+00  6.00000e+00
     5 n_{WT1}^{6}   1.00000e+00  4.95000e-01    1.00000e-02  1.00000e+02
     6 n_{WT2}^{6}   1.00000e+00  4.95000e-01    1.00000e-02  1.00000e+02
 **********
 **    3 **SET ERR         0.5
 **********
 **********
 **    4 **SET PRINT           1
 **********
 **********
 **    5 **SET STR           1
 **********
 NOW USING STRATEGY  1: TRY TO BALANCE SPEED AGAINST RELIABILITY
 **********
 **    6 **MIGRAD        3000           1
 **********
 FIRST CALL TO USER FUNCTION AT NEW START POINT, WITH IFLAG=4.
 START MIGRAD MINIMIZATION.  STRATEGY  1.  CONVERGENCE WHEN EDM .LT. 1.00e-03
 FCN=-23164.4 FROM MIGRAD    STATUS=INITIATE       24 CALLS          25 TOTAL
                     EDM= unknown      STRATEGY= 1      NO ERROR MATRIX       
  EXT PARAMETER               CURRENT GUESS       STEP         FIRST   
  NO.   NAME      VALUE            ERROR          SIZE      DERIVATIVE 
   1  #alpha_{WT1}^{6}   5.00000e-01   2.50000e-01   1.18625e-01  -2.73772e+04
   2  #alpha_{WT2}^{6}   2.50000e+00   1.00000e+00   2.35352e-01   1.82688e+04
   3  #sigma_{WT1}^{6}   3.00000e-02   1.50000e-02   9.09734e-02  -5.93186e+04
   4  mean_{WT}^{6}   5.27958e+00   1.00000e-01   2.26180e-01  -1.09005e+05
   5  n_{WT1}^{6}   1.00000e+00   4.95000e-01   5.17524e-02  -5.05491e+04
   6  n_{WT2}^{6}   1.00000e+00   4.95000e-01   5.17524e-02   1.32072e+04
                               ERR DEF= 0.5
 MIGRAD MINIMIZATION HAS CONVERGED.
 MIGRAD WILL VERIFY CONVERGENCE AND ERROR MATRIX.
 COVARIANCE MATRIX CALCULATED SUCCESSFULLY
 FCN=-32762.5 FROM HESSE     STATUS=OK             44 CALLS         365 TOTAL
                     EDM=0.0174587    STRATEGY= 1      ERROR MATRIX ACCURATE 
  EXT PARAMETER                                   STEP         FIRST   
  NO.   NAME      VALUE            ERROR          SIZE      DERIVATIVE 
   1  #alpha_{WT1}^{6}   9.88794e-01   3.71454e-02   4.01775e-04   5.01046e-01
   2  #alpha_{WT2}^{6}   1.32894e+00   6.58957e-02   6.07321e-04   5.08438e-01
   3  #sigma_{WT1}^{6}   5.32547e-02   9.04291e-04   1.73483e-04  -2.45456e+00
   4  mean_{WT}^{6}   5.27529e+00   5.73369e-04   1.13385e-04  -1.31180e-02
   5  n_{WT1}^{6}   1.03095e+01   1.93262e+00   3.11146e-03  -4.21730e-02
   6  n_{WT2}^{6}   2.01242e+01   8.73353e+00   9.91065e-03  -8.78290e-01
                               ERR DEF= 0.5
 MIGRAD MINIMIZATION HAS CONVERGED.
 FCN=-32762.5 FROM MIGRAD    STATUS=CONVERGED     378 CALLS         379 TOTAL
                     EDM=9.2767e-05    STRATEGY= 1  ERROR MATRIX UNCERTAINTY   9.1 per cent
  EXT PARAMETER                                   STEP         FIRST   
  NO.   NAME      VALUE            ERROR          SIZE      DERIVATIVE 
   1  #alpha_{WT1}^{6}   9.90078e-01   3.68354e-02   4.30049e-04   2.85633e-01
   2  #alpha_{WT2}^{6}   1.33674e+00   5.93788e-02   2.29602e-03  -2.18645e+00
   3  #sigma_{WT1}^{6}   5.33097e-02   8.81824e-04   2.44753e-04   3.94404e+00
   4  mean_{WT}^{6}   5.27530e+00   5.71517e-04   2.74643e-05   3.38646e+00
   5  n_{WT1}^{6}   1.02916e+01   1.92934e+00  -5.89092e-04   6.72391e-03
   6  n_{WT2}^{6}   1.89404e+01   7.17159e+00   2.98720e-02   1.65461e-01
                               ERR DEF= 0.5
 EXTERNAL ERROR MATRIX.    NDIM=  25    NPAR=  6    ERR DEF=0.5
  1.357e-03  1.098e-03  2.427e-05 -1.140e-05 -5.871e-02  6.538e-02 
  1.098e-03  3.526e-03  3.905e-05  8.359e-07 -2.410e-02  3.605e-01 
  2.427e-05  3.905e-05  7.776e-07 -1.699e-07 -6.079e-04  2.544e-03 
 -1.140e-05  8.359e-07 -1.699e-07  3.266e-07  4.437e-04  5.159e-04 
 -5.871e-02 -2.410e-02 -6.079e-04  4.437e-04  3.727e+00 -1.249e+00 
  6.538e-02  3.605e-01  2.544e-03  5.159e-04 -1.249e+00  5.202e+01 
 PARAMETER  CORRELATION COEFFICIENTS  
       NO.  GLOBAL      1      2      3      4      5      6
        1  0.96544   1.000  0.502  0.747 -0.542 -0.826  0.246
        2  0.96081   0.502  1.000  0.746  0.025 -0.210  0.842
        3  0.93564   0.747  0.746  1.000 -0.337 -0.357  0.400
        4  0.70545  -0.542  0.025 -0.337  1.000  0.402  0.125
        5  0.91953  -0.826 -0.210 -0.357  0.402  1.000 -0.090
        6  0.91355   0.246  0.842  0.400  0.125 -0.090  1.000
 **********
 **    7 **SET ERR         0.5
 **********
 **********
 **    8 **SET PRINT           1
 **********
 **********
 **    9 **HESSE        3000
 **********
 COVARIANCE MATRIX CALCULATED SUCCESSFULLY
 FCN=-32762.5 FROM HESSE     STATUS=OK             44 CALLS         423 TOTAL
                     EDM=0.000119217    STRATEGY= 1      ERROR MATRIX ACCURATE 
  EXT PARAMETER                                INTERNAL      INTERNAL  
  NO.   NAME      VALUE            ERROR       STEP SIZE       VALUE   
   1  #alpha_{WT1}^{6}   9.90078e-01   3.73924e-02   4.01764e-04  -9.30610e-01
   2  #alpha_{WT2}^{6}   1.33674e+00   6.25496e-02   6.07350e-04  -8.22209e-01
   3  #sigma_{WT1}^{6}   5.33097e-02   8.85165e-04   1.73469e-04  -1.10481e+00
   4  mean_{WT}^{6}   5.27530e+00   5.73653e-04   4.53540e-05  -4.66086e-01
   5  n_{WT1}^{6}   1.02916e+01   1.96292e+00   1.24458e-03  -9.17932e-01
   6  n_{WT2}^{6}   1.89404e+01   7.30285e+00   9.91441e-03  -2.47112e+00
                               ERR DEF= 0.5
 EXTERNAL ERROR MATRIX.    NDIM=  25    NPAR=  6    ERR DEF=0.5
  1.398e-03  1.159e-03  2.469e-05 -1.157e-05 -6.107e-02  7.004e-02 
  1.159e-03  3.913e-03  4.114e-05  1.378e-06 -2.572e-02  3.949e-01 
  2.469e-05  4.114e-05  7.835e-07 -1.679e-07 -6.307e-04  2.735e-03 
 -1.157e-05  1.378e-06 -1.679e-07  3.291e-07  4.584e-04  5.694e-04 
 -6.107e-02 -2.572e-02 -6.307e-04  4.584e-04  3.858e+00 -1.337e+00 
  7.004e-02  3.949e-01  2.735e-03  5.694e-04 -1.337e+00  5.396e+01 
 PARAMETER  CORRELATION COEFFICIENTS  
       NO.  GLOBAL      1      2      3      4      5      6
        1  0.96640   1.000  0.495  0.746 -0.539 -0.831  0.255
        2  0.96408   0.495  1.000  0.743  0.038 -0.209  0.859
        3  0.93583   0.746  0.743  1.000 -0.331 -0.363  0.421
        4  0.70807  -0.539  0.038 -0.331  1.000  0.407  0.135
        5  0.92260  -0.831 -0.209 -0.363  0.407  1.000 -0.093
        6  0.92352   0.255  0.859  0.421  0.135 -0.093  1.000
Info in <TCanvas::Print>: pdf file fit_results_mass_checkOnMC/newbdt_puw/save_fit_mc_6_2018_WT_newSigmaFRT_asInANv8.pdf has been created
fit status:  0 3
doublecb_6  -----> plotting  
setting nWT to  27944.0
mistag fraction on MC for bin  6  :  0.127044168125 +/- 0.276142986869
constraining var #sigma_{RT1}^{6} :  0.0247305710039  with uncertainty  0.000405622936656
constraining var #alpha_{RT1}^{6} :  1.23145612381  with uncertainty  0.0426418661098
constraining var n_{RT1}^{6} :  7.16552078573  with uncertainty  0.684173925976
constraining var #sigma_{WT1}^{6} :  0.0533097081932  with uncertainty  0.000885164819812
constraining var #alpha_{WT1}^{6} :  0.990078432382  with uncertainty  0.037392425922
constraining var #alpha_{WT2}^{6} :  1.33674402432  with uncertainty  0.0625496318276
constraining var n_{WT1}^{6} :  10.29162669  with uncertainty  1.96291613787
constraining var n_{WT2}^{6} :  18.9403999394  with uncertainty  7.30285246499
constraining var #alpha_{RT2}^{6} :  -2.93975703832  with uncertainty  0.0680141102454
constraining var n_{RT2}^{6} :  2.78380874999  with uncertainty  0.437189116835
constraining var #sigma_{RT2}^{6} :  0.0405597161509  with uncertainty  0.000258340647515
constraining var f^{RT6} :  0.411239849884  with uncertainty  0.0161274649404
nsig is
219955.0
here
total pdf created
Minuit2Minimizer: Minimize with max-calls 8500 convergence for edm < 1 strategy 2
Info in <Minuit2>: MnSeedGenerator Initial state: FCN =       203836.2828 Edm =       300449.7686 NCalls =     53
Info in <Minuit2>: MnSeedGenerator Negative G2 found - new state: 
  Minimum value : 151819.2522
  Edm           : 258401.4117
  Internal parameters:
     -1.585392536
      0.424701252
    -0.9306097373
     -0.822209182
     -1.254966179
     -1.165233704
     -1.104813882
     -0.594494435
      1.650456157
    -0.8419025663
    -0.2066379072
     -1.189960898
     -1.334329579
    -0.9179316992
    -0.6704697728
     -1.485490177
      1.569216898
  Internal gradient  :
     -23752.23214
     -2.387789909
    0.04859674141
    0.03896446855
      18966.79652
     -168.1548368
    0.07197262445
       311452.716
      1675.832424
    0.04053706093
      10992.26488
      0.665318184
      1.181688636
    0.04732738598
    0.02869932397
      7569.236678
    -0.4517499214
  Internal covariance matrix:
  1.2360734e-06              0              0              0              0              0              0              0              0              0              0              0              0              0              0              0              0
              0  0.00044913904              0              0              0              0              0              0              0              0              0              0              0              0              0              0              0
              0              0   0.0003134773              0              0              0              0              0              0              0              0              0              0              0              0              0              0
              0              0              0   0.0006756948              0              0              0              0              0              0              0              0              0              0              0              0              0
              0              0              0              0  7.9581432e-06              0              0              0              0              0              0              0              0              0              0              0              0
              0              0              0              0              0  3.4353115e-06              0              0              0              0              0              0              0              0              0              0              0
              0              0              0              0              0              0  3.1050152e-05              0              0              0              0              0              0              0              0              0              0
              0              0              0              0              0              0              0  9.3041168e-06              0              0              0              0              0              0              0              0              0
              0              0              0              0              0              0              0              0  9.1188792e-05              0              0              0              0              0              0              0              0
              0              0              0              0              0              0              0              0              0  2.1820684e-05              0              0              0              0              0              0              0
              0              0              0              0              0              0              0              0              0              0   0.0010444915              0              0              0              0              0              0
              0              0              0              0              0              0              0              0              0              0              0  0.00067864735              0              0              0              0              0
              0              0              0              0              0              0              0              0              0              0              0              0  0.00070100323              0              0              0              0
              0              0              0              0              0              0              0              0              0              0              0              0              0   0.0083546125              0              0              0
              0              0              0              0              0              0              0              0              0              0              0              0              0              0    0.069541383              0              0
              0              0              0              0              0              0              0              0              0              0              0              0              0              0              0  1.8468512e-05              0
              0              0              0              0              0              0              0              0              0              0              0              0              0              0              0              0   0.0069928463
Minuit2:0: RuntimeWarning: MnPosDef Matrix forced pos-def by adding to diagonal 0.187449
Info in <Minuit2>: MnSeedGenerator run Hesse - new state: 
  Minimum value : 151819.2522
  Edm           : 19369597.99
  Internal parameters:
     -1.585392536
      0.424701252
    -0.9306097373
     -0.822209182
     -1.254966179
     -1.165233704
     -1.104813882
     -0.594494435
      1.650456157
    -0.8419025663
    -0.2066379072
     -1.189960898
     -1.334329579
    -0.9179316992
    -0.6704697728
     -1.485490177
      1.569216898
  Internal gradient  :
     -23752.24571
     -2.372087212
  3.239993864e-06
  2.574653168e-06
      18966.75204
     -168.2361904
  5.147369784e-06
      311452.7332
      1675.819362
  4.093471715e-06
      10992.40765
     0.5747261718
      1.029067628
  3.033408079e-06
   1.81277583e-07
      7569.253549
    -0.4517042882
  Internal covariance matrix:
  1.3505221e-06  6.5992306e-08  -4.723018e-14  4.7423832e-14 -9.3375525e-08  1.8376516e-07  1.4749874e-14  2.3118687e-05 -7.9975155e-07  1.4545284e-14 -0.00024427361  6.6113867e-08 -1.1713967e-07  1.3919908e-13  4.0160087e-13  3.4906107e-06  2.9163385e-07
  6.5992306e-08  0.00037827426 -1.0799948e-14  1.5514488e-14  1.1284896e-07  3.8413058e-08  3.5497681e-15  5.7943128e-06  6.7038749e-07 -2.5228958e-14 -6.2059808e-05  5.1576185e-09 -2.0516911e-06 -5.1020056e-13 -1.4719708e-12  7.0742223e-07  6.7227504e-08
  -4.723018e-14 -1.0799948e-14  0.00026399224 -9.0740684e-21 -5.6450366e-14 -1.8819202e-14 -2.1054785e-21 -3.5448591e-12  8.6915904e-14  2.3580832e-14  3.7898266e-11  1.2808828e-13  1.8573784e-14  4.6141118e-13  1.3312094e-12 -5.3647804e-13 -4.6698511e-13
  4.7423832e-14  1.5514488e-14 -9.0740684e-21  0.00056903064  1.3516099e-13  2.6450408e-14  3.0640743e-21  5.0996598e-12 -1.3806104e-13 -3.4620343e-14  -5.465941e-11  1.9722303e-13 -2.6763149e-14 -6.7742366e-13 -1.9544233e-12  7.7051758e-13  6.8416926e-13
 -9.3375525e-08  1.1284896e-07 -5.6450366e-14  1.3516099e-13  8.1888827e-06  2.7748703e-07   2.865704e-14  4.1936229e-05 -3.7199782e-06  1.9226382e-14  -0.0004633353   2.854759e-08 -2.1645687e-07  4.1047728e-13  1.1842609e-12  6.1220699e-06  5.1023186e-07
  1.8376516e-07  3.8413058e-08 -1.8819202e-14  2.6450408e-14  2.7748703e-07  3.0197249e-06  6.2937935e-15  1.5825687e-05 -2.1494502e-07  7.8638854e-15 -0.00016930123  1.4151461e-08 -7.0625459e-08  1.3465581e-13  3.8849315e-13  2.3495791e-06  1.9693117e-07
  1.4749874e-14  3.5497681e-15 -2.1054785e-21  3.0640743e-21   2.865704e-14  6.2937935e-15  2.6148622e-05  1.1716624e-12 -3.2310073e-14  -7.421436e-15 -1.2546225e-11  4.2502375e-14 -6.1347013e-15 -1.4521683e-13 -4.1896255e-13  1.7702049e-13  1.4765269e-13
  2.3118687e-05  5.7943128e-06 -3.5448591e-12  5.0996598e-12  4.1936229e-05  1.5825687e-05  1.1716624e-12   0.0020249721 -8.0367332e-05  1.0033603e-12     -0.0215859  1.8017487e-06 -1.0340859e-05  1.7561245e-11  5.0665646e-11  0.00030539458  2.5507882e-05
 -7.9975155e-07  6.7038749e-07  8.6915904e-14 -1.3806104e-13 -3.7199782e-06 -2.1494502e-07 -3.2310073e-14 -8.0367332e-05  8.0806971e-05 -3.9172208e-14  0.00085149408 -6.9826392e-08 -1.7059836e-07  -1.207422e-12 -3.4835122e-12 -1.3062737e-05 -1.0772921e-06
  1.4545284e-14 -2.5228958e-14  2.3580832e-14 -3.4620343e-14  1.9226382e-14  7.8638854e-15  -7.421436e-15  1.0033603e-12 -3.9172208e-14  1.8376104e-05 -1.0684975e-11  1.0221491e-15 -4.0279205e-14  8.6904543e-21   2.507268e-20  1.4554055e-13  1.3505202e-14
 -0.00024427361 -6.2059808e-05  3.7898266e-11  -5.465941e-11  -0.0004633353 -0.00016930123 -1.2546225e-11     -0.0215859  0.00085149408 -1.0684975e-11      0.2310311 -1.9203859e-05  0.00011070757 -1.8719712e-10 -5.4007919e-10  -0.0032677802 -0.00027293968
  6.6113867e-08  5.1576185e-09  1.2808828e-13  1.9722303e-13   2.854759e-08  1.4151461e-08  4.2502375e-14  1.8017487e-06 -6.9826392e-08  1.0221491e-15 -1.9203859e-05  0.00057152065 -9.1996155e-09  1.3075019e-14   3.772251e-14  2.7224587e-07  2.2740177e-08
 -1.1713967e-07 -2.0516911e-06  1.8573784e-14 -2.6763149e-14 -2.1645687e-07 -7.0625459e-08 -6.1347013e-15 -1.0340859e-05 -1.7059836e-07 -4.0279205e-14  0.00011070757 -9.1996155e-09  0.00059041243  6.0686355e-13  1.7508515e-12 -1.4849593e-06 -1.2894602e-07
  1.3919908e-13 -5.1020056e-13  4.6141118e-13 -6.7742366e-13  4.1047728e-13  1.3465581e-13 -1.4521683e-13  1.7561245e-11  -1.207422e-12  8.6904543e-21 -1.8719712e-10  1.3075019e-14  6.0686355e-13   0.0070357659  4.7280944e-19  2.5412839e-12  2.3854476e-13
  4.0160087e-13 -1.4719708e-12  1.3312094e-12 -1.9544233e-12  1.1842609e-12  3.8849315e-13 -4.1896255e-13  5.0665646e-11 -3.4835122e-12   2.507268e-20 -5.4007919e-10   3.772251e-14  1.7508515e-12  4.7280944e-19    0.058563685  7.3318143e-12  6.8822137e-13
  3.4906107e-06  7.0742223e-07 -5.3647804e-13  7.7051758e-13  6.1220699e-06  2.3495791e-06  1.7702049e-13  0.00030539458 -1.3062737e-05  1.4554055e-13  -0.0032677802  2.7224587e-07 -1.4849593e-06  2.5412839e-12  7.3318143e-12  6.1817843e-05  1.4973142e-06
  2.9163385e-07  6.7227504e-08 -4.6698511e-13  6.8416926e-13  5.1023186e-07  1.9693117e-07  1.4765269e-13  2.5507882e-05 -1.0772921e-06  1.3505202e-14 -0.00027293968  2.2740177e-08 -1.2894602e-07  2.3854476e-13  6.8822137e-13  1.4973142e-06    0.005889649
Info in <Minuit2>: VariableMetricBuilder Start iterating until Edm is < 0.001 with call limit = 8500
Info in <Minuit2>: VariableMetricBuilder    0 - FCN =       151819.2522 Edm =       19369597.99 NCalls =    449
Info in <Minuit2>: VariableMetricBuilder    1 - FCN =      -7593.968269 Edm =        251436.566 NCalls =    503
Info in <Minuit2>: VariableMetricBuilder    2 - FCN =      -7898.692829 Edm =       87.19920279 NCalls =    548
Info in <Minuit2>: VariableMetricBuilder    3 - FCN =      -8020.225906 Edm =       5.781728435 NCalls =    590
Info in <Minuit2>: VariableMetricBuilder    4 - FCN =       -8029.08782 Edm =       3.268561595 NCalls =    633
Info in <Minuit2>: VariableMetricBuilder    5 - FCN =       -8051.84308 Edm =       8.893150991 NCalls =    676
Info in <Minuit2>: VariableMetricBuilder    6 - FCN =      -8098.693536 Edm =       28.69467223 NCalls =    720
Info in <Minuit2>: VariableMetricBuilder    7 - FCN =      -8565.208096 Edm =       1654.483501 NCalls =    771
Info in <Minuit2>: VariableMetricBuilder    8 - FCN =      -8623.056335 Edm =       116.1825234 NCalls =    814
Info in <Minuit2>: VariableMetricBuilder    9 - FCN =      -8976.776666 Edm =       185.0093732 NCalls =    859
Info in <Minuit2>: VariableMetricBuilder   10 - FCN =      -9129.501965 Edm =         24.018549 NCalls =    897
Info in <Minuit2>: VariableMetricBuilder   11 - FCN =      -9149.622287 Edm =       3.199389744 NCalls =    934
Info in <Minuit2>: VariableMetricBuilder   12 - FCN =      -9151.731047 Edm =     0.04544607946 NCalls =    970
Info in <Minuit2>: VariableMetricBuilder   13 - FCN =      -9151.781376 Edm =     0.01702296593 NCalls =   1006
Info in <Minuit2>: VariableMetricBuilder   14 - FCN =      -9151.919661 Edm =      0.1085805838 NCalls =   1043
Info in <Minuit2>: VariableMetricBuilder   15 - FCN =      -9162.092218 Edm =       6.753045854 NCalls =   1090
Info in <Minuit2>: VariableMetricBuilder   16 - FCN =      -9162.119327 Edm =      0.1234129323 NCalls =   1126
Info in <Minuit2>: VariableMetricBuilder   17 - FCN =      -9163.641196 Edm =       1.589106369 NCalls =   1169
Info in <Minuit2>: VariableMetricBuilder   18 - FCN =       -9164.87927 Edm =       1.297996823 NCalls =   1210
Info in <Minuit2>: VariableMetricBuilder   19 - FCN =      -9169.993068 Edm =       3.101230022 NCalls =   1252
Info in <Minuit2>: VariableMetricBuilder   20 - FCN =      -9177.956218 Edm =       2.835745845 NCalls =   1295
Info in <Minuit2>: VariableMetricBuilder   21 - FCN =      -9180.948524 Edm =       4.399417874 NCalls =   1333
Info in <Minuit2>: VariableMetricBuilder   22 - FCN =      -9187.185013 Edm =       2.248456263 NCalls =   1373
Info in <Minuit2>: VariableMetricBuilder   23 - FCN =       -9191.19585 Edm =       2.125319795 NCalls =   1409
Info in <Minuit2>: VariableMetricBuilder   24 - FCN =      -9265.690886 Edm =       92.68877958 NCalls =   1456
Info in <Minuit2>: VariableMetricBuilder   25 - FCN =      -9269.299274 Edm =       22.74415488 NCalls =   1497
Info in <Minuit2>: VariableMetricBuilder   26 - FCN =       -9387.54276 Edm =       70.28226488 NCalls =   1544
Info in <Minuit2>: VariableMetricBuilder   27 - FCN =      -9536.612761 Edm =       35.84513658 NCalls =   1589
Info in <Minuit2>: VariableMetricBuilder   28 - FCN =      -9568.032311 Edm =       13.22165904 NCalls =   1629
Info in <Minuit2>: VariableMetricBuilder   29 - FCN =      -9576.772554 Edm =       2.779123459 NCalls =   1668
Info in <Minuit2>: VariableMetricBuilder   30 - FCN =      -9582.552311 Edm =       5.841091329 NCalls =   1709
Info in <Minuit2>: VariableMetricBuilder   31 - FCN =      -9590.718136 Edm =       17.85033619 NCalls =   1749
Info in <Minuit2>: VariableMetricBuilder   32 - FCN =      -9593.257007 Edm =       2.208035933 NCalls =   1788
Info in <Minuit2>: VariableMetricBuilder   33 - FCN =      -9599.486437 Edm =       1.257950975 NCalls =   1828
Info in <Minuit2>: VariableMetricBuilder   34 - FCN =        -9600.4895 Edm =      0.1225292808 NCalls =   1864
Info in <Minuit2>: VariableMetricBuilder   35 - FCN =       -9600.73886 Edm =       0.021627975 NCalls =   1900
Info in <Minuit2>: VariableMetricBuilder   36 - FCN =      -9600.755831 Edm =     0.00347054402 NCalls =   1936
Info in <Minuit2>: VariableMetricBuilder   37 - FCN =      -9600.758785 Edm =   8.203730515e-05 NCalls =   1971
Info in <Minuit2>: VariableMetricBuilder After Hessian
Info in <Minuit2>: VariableMetricBuilder   38 - FCN =      -9600.758785 Edm =   7.863199935e-05 NCalls =   2190
Minuit2Minimizer : Valid minimum - status = 0
FVAL  = -9600.75878538372126
Edm   = 7.86319993532698418e-05
Nfcn  = 2190
#alpha_{RT1}^{6}	  = 1.2283	 +/-  0.0424634	(limited)
#alpha_{RT2}^{6}	  = -2.93562	 +/-  0.0683775	(limited)
#alpha_{WT1}^{6}	  = 0.990077	 +/-  0.0373915	(limited)
#alpha_{WT2}^{6}	  = 1.33674	 +/-  0.0625461	(limited)
#sigma_{RT1}^{6}	  = 0.0248038	 +/-  0.000401041	(limited)
#sigma_{RT2}^{6}	  = 0.04065	 +/-  0.000255983	(limited)
#sigma_{WT1}^{6}	  = 0.0533097	 +/-  0.000885163	(limited)
Yield	  = 970.778	 +/-  33.8474	(limited)
f^{RT6}	  = 0.401514	 +/-  0.0157668	(limited)
f_{M}^{6}	  = 0.127044	 +/-  0.0011	(limited)
mean_{RT}^{6}	  = 5.27739	 +/-  0.00131232	(limited)
n_{RT1}^{6}	  = 7.20111	 +/-  0.67975	(limited)
n_{RT2}^{6}	  = 2.78067	 +/-  0.436632	(limited)
n_{WT1}^{6}	  = 10.2912	 +/-  1.96156	(limited)
n_{WT2}^{6}	  = 18.938	 +/-  7.2609	(limited)
nbkg	  = 562.543	 +/-  39.2285	(limited)
slope	  = -5.39413	 +/-  0.488271	(limited)
Info in <Minuit2>: Minuit2Minimizer::Hesse Using max-calls 8500
Info in <Minuit2>: Minuit2Minimizer::Hesse Hesse is valid - matrix is accurate
fit with Hesse strategy 2 done, now Minos
Minuit2Minimizer: Minimize with max-calls 8500 convergence for edm < 1 strategy 2
Info in <Minuit2>: MnSeedGenerator Initial state: FCN =      -9600.758785 Edm =   6.967322053e-05 NCalls =     35
Info in <Minuit2>: MnSeedGenerator run Hesse - new state: 
  Minimum value : -9600.758785
  Edm           : 7.863258971e-05
  Internal parameters:
    -0.8546488354
      0.425610396
    -0.9306102201
    -0.8222100164
     -1.254495147
     -1.164776158
     -1.104813953
      -1.50847163
      -0.19826947
    -0.8419025943
    -0.2280231316
     -1.189004515
     -1.334463631
     -0.917944233
     -0.670532308
     -1.506822737
    -0.5697394164
  Internal gradient  :
   -0.05384561147
     0.4386229936
   -0.00307540852
  -0.002465851503
    -0.4533595572
       2.17276564
  -0.004554689757
      1.490957912
    -0.1359822111
  -0.002565340868
    -0.2898013582
     0.0588862902
    -0.2456647339
  -0.002995451847
  -0.001796191267
    -0.3640094128
    -0.1049289321
  Internal covariance matrix:
  0.00033470782 -4.3948696e-07  1.5832111e-14 -1.3264804e-14  1.7619307e-06  3.2546122e-07 -2.8439965e-15 -1.0073379e-06 -1.4651549e-05 -3.3374915e-14 -3.3596071e-05 -3.9486973e-06  2.8413382e-07 -6.5071876e-13 -1.8597036e-12  2.3096693e-06  3.3462254e-05
 -4.3948696e-07  0.00045092818  3.2411505e-15 -4.3149566e-15  7.8278347e-08  2.2507933e-08   -9.25134e-16   4.336258e-07 -3.0323933e-06  3.8803987e-14  1.9712893e-07 -2.6067803e-07 -1.4118931e-06  7.5657069e-13  2.1537541e-12 -2.0245811e-07 -4.8428791e-05
  1.5832111e-14  3.2411505e-15   0.0003134783 -6.0014258e-22  2.6158828e-14 -1.2636923e-14 -1.2867159e-22  4.0439832e-16 -1.4131839e-14  3.2855305e-14 -1.1734981e-13   1.897304e-13  1.8199301e-13  6.4058781e-13  1.8329396e-12  2.8494952e-14 -6.6607051e-13
 -1.3264804e-14 -4.3149566e-15 -6.0014258e-22  0.00067569595  3.6906489e-14  1.8038056e-14  2.3371027e-22  9.6345045e-17  5.9775372e-14 -4.8234049e-14  1.7048016e-13 -2.7492463e-13 -2.6752742e-13 -9.4043088e-13 -2.6908926e-12 -4.3269325e-14  9.4796269e-13
  1.7619307e-06  7.8278347e-08  2.6158828e-14  3.6906489e-14  1.3298393e-05 -9.0744815e-08  7.9128138e-15   1.218479e-07  6.8918161e-06 -3.7848163e-17 -3.1752272e-07  6.3813803e-07 -6.1457685e-08 -7.3793475e-16 -2.5925559e-15  -2.536792e-07 -5.2760697e-06
  3.2546122e-07  2.2507933e-08 -1.2636923e-14  1.8038056e-14 -9.0744815e-08  3.3604871e-06  3.8673897e-15   1.051479e-07  1.1205708e-06 -1.1226928e-16  3.1589952e-08  1.3110244e-07  4.4252279e-09 -2.1889412e-15 -6.2286659e-15 -1.3534463e-07 -8.2653641e-06
 -2.8439965e-15   -9.25134e-16 -1.2867159e-22  2.3371027e-22  7.9128138e-15  3.8673897e-15  3.1050187e-05  2.0656541e-17  1.2815941e-14 -1.0341462e-14  3.6551235e-14 -5.8944306e-14 -5.7358331e-14 -2.0162997e-13 -5.7693193e-13 -9.2770166e-15  2.0324481e-13
 -1.0073379e-06   4.336258e-07  4.0439832e-16  9.6345045e-17   1.218479e-07   1.051479e-07  2.0656541e-17  2.3626073e-06 -2.0374151e-06 -2.7951084e-15  8.5788259e-08 -7.9227115e-07 -3.1563241e-07 -5.4496903e-14 -1.5840485e-13 -5.4630893e-07 -2.4767137e-05
 -1.4651549e-05 -3.0323933e-06 -1.4131839e-14  5.9775372e-14  6.8918161e-06  1.1205708e-06  1.2815941e-14 -2.0374151e-06   0.0020697696  8.8114825e-14  2.8969659e-05 -8.6426827e-07   1.507542e-06   1.717996e-12  4.9275714e-12  1.8425027e-06  0.00019500821
 -3.3374915e-14  3.8803987e-14  3.2855305e-14 -4.8234049e-14 -3.7848163e-17 -1.1226928e-16 -1.0341462e-14 -2.7951084e-15  8.8114825e-14  2.1820686e-05  4.5036457e-15  1.2989526e-15  2.9031249e-16  4.6942601e-22  1.3454599e-21  4.8265308e-16  3.0226596e-14
 -3.3596071e-05  1.9712893e-07 -1.1734981e-13  1.7048016e-13 -3.1752272e-07  3.1589952e-08  3.6551235e-14  8.5788259e-08  2.8969659e-05  4.5036457e-15  0.00036302061 -1.0421658e-05   1.559654e-07  8.7808666e-14  2.5247131e-13  3.2602334e-06 -0.00015133744
 -3.9486973e-06 -2.6067803e-07   1.897304e-13 -2.7492463e-13  6.3813803e-07  1.3110244e-07 -5.8944306e-14 -7.9227115e-07 -8.6426827e-07  1.2989526e-15 -1.0421658e-05  0.00066577683  1.6512654e-07  2.5325993e-14  7.3758842e-14   2.117444e-06  1.0485389e-05
  2.8413382e-07 -1.4118931e-06  1.8199301e-13 -2.6752742e-13 -6.1457685e-08  4.4252279e-09 -5.7358331e-14 -3.1563241e-07   1.507542e-06  2.9031249e-16   1.559654e-07  1.6512654e-07  0.00069560893  5.6602926e-15  5.4612293e-12  1.0479591e-07   3.545509e-05
 -6.5071876e-13  7.5657069e-13  6.4058781e-13 -9.4043088e-13 -7.3793475e-16 -2.1889412e-15 -2.0162997e-13 -5.4496903e-14   1.717996e-12  4.6942601e-22  8.7808666e-14  2.5325993e-14  5.6602926e-15    0.008355246  2.6232757e-20  9.4104034e-15  5.8933524e-13
 -1.8597036e-12  2.1537541e-12  1.8329396e-12 -2.6908926e-12 -2.5925559e-15 -6.2286659e-15 -5.7693193e-13 -1.5840485e-13  4.9275714e-12  1.3454599e-21  2.5247131e-13  7.3758842e-14  5.4612293e-12  2.6232757e-20      0.0695229  2.7746678e-14  1.9638211e-12
  2.3096693e-06 -2.0245811e-07  2.8494952e-14 -4.3269325e-14  -2.536792e-07 -1.3534463e-07 -9.2770166e-15 -5.4630893e-07  1.8425027e-06  4.8265308e-16  3.2602334e-06   2.117444e-06  1.0479591e-07  9.4104034e-15  2.7746678e-14  9.9790903e-06 -7.9942548e-05
  3.3462254e-05 -4.8428791e-05 -6.6607051e-13  9.4796269e-13 -5.2760697e-06 -8.2653641e-06  2.0324481e-13 -2.4767137e-05  0.00019500821  3.0226596e-14 -0.00015133744  1.0485389e-05   3.545509e-05  5.8933524e-13  1.9638211e-12 -7.9942548e-05   0.0067480068
Info in <Minuit2>: VariableMetricBuilder Start iterating until Edm is < 0.001 with call limit = 8500
Info in <Minuit2>: VariableMetricBuilder    0 - FCN =      -9600.758785 Edm =   7.863258971e-05 NCalls =    254
Info in <Minuit2>: VariableMetricBuilder    1 - FCN =      -9600.758864 Edm =   3.858415648e-08 NCalls =    289
Info in <Minuit2>: VariableMetricBuilder After Hessian
Info in <Minuit2>: VariableMetricBuilder    2 - FCN =      -9600.758864 Edm =   8.021480698e-11 NCalls =    566
Minuit2Minimizer : Valid minimum - status = 0
FVAL  = -9600.75886409538361
Edm   = 8.02148069757669712e-11
Nfcn  = 566
#alpha_{RT1}^{6}	  = 1.22832	 +/-  0.0424623	(limited)
#alpha_{RT2}^{6}	  = -2.93608	 +/-  0.068369	(limited)
#alpha_{WT1}^{6}	  = 0.990078	 +/-  0.0373914	(limited)
#alpha_{WT2}^{6}	  = 1.33674	 +/-  0.0625461	(limited)
#sigma_{RT1}^{6}	  = 0.0248043	 +/-  0.000401039	(limited)
#sigma_{RT2}^{6}	  = 0.0406492	 +/-  0.000255981	(limited)
#sigma_{WT1}^{6}	  = 0.0533097	 +/-  0.000885163	(limited)
