
[1mRooFit v3.60 -- Developed by Wouter Verkerke and David Kirkby[0m 
                Copyright (C) 2000-2013 NIKHEF, University of California & Stanford University
                All rights reserved, please read http://roofit.sourceforge.net/license.txt

Error in <TUnixSystem::FindDynamicLibrary>: ../utils/func_roofit/libRooGaussDoubleSidedExp[.so | .dll | .dylib | .sl | .dl | .a] does not exist in /cvmfs/sw.el7/gcc63/root/6.24.06/b01/lib64:/cvmfs/sw.el7/gcc63/root/6.24.06/b01/lib:/cvmfs/sw.el7/gcc63/pythia/8.2.40/b02/lib:/cvmfs/sw.el7/gcc/6.3/lib64:/cvmfs/sw.el7/gcc/6.3/lib:/cvmfs/sw.el7/gcc/6.3/libexec/gcc/x86_64-unknown-linux-gnu/6.3.1:.:/cvmfs/sw.el7/gcc63/root/6.24.06/b01/lib:/lib64/tls/x86_64:/lib64/tls:/lib64/x86_64:/lib64:/usr/lib64/tls/x86_64:/usr/lib64/tls:/usr/lib64/x86_64:/usr/lib64:/cvmfs/sw.el7/gcc63/root/6.24.06/b01/python/lib:/cvmfs/sw.el7/gcc63/root/6.24.06
start function declaration
mc file name: /lstore/cms/boletti/Run2-BdToKstarMuMu/2018MC_LMNR_newphi_punzi_removeTkMu_fixBkg_B0Psicut_addxcutvariable.root
data file name: /lstore/cms/boletti/Run2-BdToKstarMuMu/2018data_newphi_punzi_removeTkMu_fixBkg_B0Psicut_addxcutvariable.root
reading data...
[#0] ERROR:InputArguments -- Didn't find a branch in Tree 'ntuple' to read variable 'weight' from.
	Note: Name the RooFit variable the same as the branch.
it worked :)
reading monte carlo...
dimuon selection:  rejectPsi
now fitting:  0  for  correctTag  
fitting the mc...
 **********
 **    1 **SET PRINT           1
 **********
 **********
 **    2 **SET NOGRAD
 **********
 PARAMETER DEFINITIONS:
    NO.   NAME         VALUE      STEP SIZE      LIMITS
     1 #alpha_{RT1}^{0}   5.00000e-01  2.50000e-01    0.00000e+00  1.00000e+01
     2 #alpha_{RT2}^{0}   2.50000e+00  1.00000e+00    0.00000e+00  1.00000e+01
     3 #sigma_{RT1}^{0}   3.00000e-02  1.50000e-02    0.00000e+00  1.00000e+00
     4 mean_{RT}^{0}   5.27958e+00  2.00000e-02    5.20000e+00  5.40000e+00
     5 n_{RT1}^{0}   1.00000e+00  4.95000e-01    1.00000e-02  2.00000e+01
     6 n_{RT2}^{0}   1.00000e+00  4.95000e-01    1.00000e-02  1.00000e+02
 **********
 **    3 **SET ERR         0.5
 **********
 **********
 **    4 **SET PRINT           1
 **********
 **********
 **    5 **SET STR           1
 **********
 NOW USING STRATEGY  1: TRY TO BALANCE SPEED AGAINST RELIABILITY
 **********
 **    6 **MIGRAD        3000           1
 **********
 FIRST CALL TO USER FUNCTION AT NEW START POINT, WITH IFLAG=4.
 START MIGRAD MINIMIZATION.  STRATEGY  1.  CONVERGENCE WHEN EDM .LT. 1.00e-03
 FCN=-124212 FROM MIGRAD    STATUS=INITIATE       24 CALLS          25 TOTAL
                     EDM= unknown      STRATEGY= 1      NO ERROR MATRIX       
  EXT PARAMETER               CURRENT GUESS       STEP         FIRST   
  NO.   NAME      VALUE            ERROR          SIZE      DERIVATIVE 
   1  #alpha_{RT1}^{0}   5.00000e-01   2.50000e-01   1.18625e-01  -1.08727e+05
   2  #alpha_{RT2}^{0}   2.50000e+00   1.00000e+00   2.35352e-01   1.75364e+04
   3  #sigma_{RT1}^{0}   3.00000e-02   1.50000e-02   9.09734e-02  -5.19606e+04
   4  mean_{RT}^{0}   5.27958e+00   2.00000e-02   2.05952e-01  -6.41547e+04
   5  n_{RT1}^{0}   1.00000e+00   4.95000e-01   1.18032e-01  -6.62305e+04
   6  n_{RT2}^{0}   1.00000e+00   4.95000e-01   5.17524e-02   9.35757e+03
                               ERR DEF= 0.5
 MIGRAD MINIMIZATION HAS CONVERGED.
 MIGRAD WILL VERIFY CONVERGENCE AND ERROR MATRIX.
 COVARIANCE MATRIX CALCULATED SUCCESSFULLY
 FCN=-154112 FROM MIGRAD    STATUS=CONVERGED     345 CALLS         346 TOTAL
                     EDM=3.32551e-05    STRATEGY= 1      ERROR MATRIX ACCURATE 
  EXT PARAMETER                                   STEP         FIRST   
  NO.   NAME      VALUE            ERROR          SIZE      DERIVATIVE 
   1  #alpha_{RT1}^{0}   1.21723e+00   2.31395e-02   5.24501e-04   4.70354e-01
   2  #alpha_{RT2}^{0}   1.28523e+00   2.38299e-02   6.25649e-04  -6.83870e-01
   3  #sigma_{RT1}^{0}   3.07743e-02   2.54991e-04   1.64304e-04   3.40543e+00
   4  mean_{RT}^{0}   5.27969e+00   1.66380e-04   3.56416e-04  -5.63247e-01
   5  n_{RT1}^{0}   3.94134e+00   1.77759e-01   2.29372e-03   3.04456e-01
   6  n_{RT2}^{0}   9.23748e+00   7.13188e-01   3.09477e-03   2.49301e-02
                               ERR DEF= 0.5
 EXTERNAL ERROR MATRIX.    NDIM=  25    NPAR=  6    ERR DEF=0.5
  5.354e-04  2.599e-04  4.331e-06 -1.707e-06 -3.620e-03 -2.980e-03 
  2.599e-04  5.679e-04  4.313e-06  5.208e-07 -1.144e-03 -1.361e-02 
  4.331e-06  4.313e-06  6.502e-08 -8.890e-09 -2.074e-05 -5.642e-05 
 -1.707e-06  5.208e-07 -8.890e-09  2.768e-08  1.111e-05 -2.156e-05 
 -3.620e-03 -1.144e-03 -2.074e-05  1.111e-05  3.160e-02  1.155e-02 
 -2.980e-03 -1.361e-02 -5.642e-05 -2.156e-05  1.155e-02  5.087e-01 
 PARAMETER  CORRELATION COEFFICIENTS  
       NO.  GLOBAL      1      2      3      4      5      6
        1  0.96190   1.000  0.471  0.734 -0.443 -0.880 -0.181
        2  0.94601   0.471  1.000  0.710  0.131 -0.270 -0.801
        3  0.91186   0.734  0.710  1.000 -0.210 -0.457 -0.310
        4  0.63349  -0.443  0.131 -0.210  1.000  0.376 -0.182
        5  0.92577  -0.880 -0.270 -0.457  0.376  1.000  0.091
        6  0.88598  -0.181 -0.801 -0.310 -0.182  0.091  1.000
 **********
 **    7 **SET ERR         0.5
 **********
 **********
 **    8 **SET PRINT           1
 **********
 **********
 **    9 **HESSE        3000
 **********
 COVARIANCE MATRIX CALCULATED SUCCESSFULLY
 FCN=-154112 FROM HESSE     STATUS=OK             40 CALLS         386 TOTAL
                     EDM=3.42575e-05    STRATEGY= 1      ERROR MATRIX ACCURATE 
  EXT PARAMETER                                INTERNAL      INTERNAL  
  NO.   NAME      VALUE            ERROR       STEP SIZE       VALUE   
   1  #alpha_{RT1}^{0}   1.21723e+00   2.38059e-02   2.09800e-05  -8.58028e-01
   2  #alpha_{RT2}^{0}   1.28523e+00   2.47121e-02   2.50260e-05  -8.37474e-01
   3  #sigma_{RT1}^{0}   3.07743e-02   2.59927e-04   3.28609e-05  -1.21812e+00
   4  mean_{RT}^{0}   5.27969e+00   1.67372e-04   7.12831e-05  -2.04485e-01
   5  n_{RT1}^{0}   3.94134e+00   1.82374e-01   9.17488e-05  -6.51864e-01
   6  n_{RT2}^{0}   9.23748e+00   7.38698e-01   1.23791e-04  -9.53475e-01
                               ERR DEF= 0.5
 EXTERNAL ERROR MATRIX.    NDIM=  25    NPAR=  6    ERR DEF=0.5
  5.667e-04  2.829e-04  4.590e-06 -1.778e-06 -3.845e-03 -3.463e-03 
  2.829e-04  6.107e-04  4.599e-06  5.353e-07 -1.278e-03 -1.485e-02 
  4.590e-06  4.599e-06  6.756e-08 -9.250e-09 -2.247e-05 -6.358e-05 
 -1.778e-06  5.353e-07 -9.250e-09  2.801e-08  1.169e-05 -2.276e-05 
 -3.845e-03 -1.278e-03 -2.247e-05  1.169e-05  3.327e-02  1.400e-02 
 -3.463e-03 -1.485e-02 -6.358e-05 -2.276e-05  1.400e-02  5.458e-01 
 PARAMETER  CORRELATION COEFFICIENTS  
       NO.  GLOBAL      1      2      3      4      5      6
        1  0.96404   1.000  0.481  0.742 -0.446 -0.886 -0.197
        2  0.94991   0.481  1.000  0.716  0.129 -0.284 -0.813
        3  0.91533   0.742  0.716  1.000 -0.213 -0.474 -0.331
        4  0.63906  -0.446  0.129 -0.213  1.000  0.383 -0.184
        5  0.92962  -0.886 -0.284 -0.474  0.383  1.000  0.104
        6  0.89417  -0.197 -0.813 -0.331 -0.184  0.104  1.000
fit status:  0 3
doublecb_RT0  -----> plotting  
Info in <TCanvas::MakeDefCanvas>:  created default TCanvas with name c1
setting nRT to  92305.0
Info in <TCanvas::Print>: pdf file fit_results_mass_checkOnMC/newbdt_puw/save_fit_mc_0_2018_RT_newSigmaFRT_asInANv8.pdf has been created
now fitting:  0  for   wrongTag
fitting the mc...
 **********
 **   10 **SET PRINT           1
 **********
 **********
 **   11 **SET NOGRAD
 **********
 PARAMETER DEFINITIONS:
    NO.   NAME         VALUE      STEP SIZE      LIMITS
     1 #alpha_{WT1}^{0}   5.00000e-01  2.50000e-01    0.00000e+00  1.00000e+01
     2 #alpha_{WT2}^{0}   2.50000e+00  1.00000e+00    0.00000e+00  1.00000e+01
     3 #sigma_{WT1}^{0}   3.00000e-02  1.50000e-02    0.00000e+00  1.00000e+00
     4 mean_{WT}^{0}   5.27958e+00  1.00000e-01    5.00000e+00  6.00000e+00
     5 n_{WT1}^{0}   1.00000e+00  4.95000e-01    1.00000e-02  1.00000e+02
     6 n_{WT2}^{0}   1.00000e+00  4.95000e-01    1.00000e-02  1.00000e+02
 **********
 **   12 **SET ERR         0.5
 **********
 **********
 **   13 **SET PRINT           1
 **********
 **********
 **   14 **SET STR           1
 **********
 NOW USING STRATEGY  1: TRY TO BALANCE SPEED AGAINST RELIABILITY
 **********
 **   15 **MIGRAD        3000           1
 **********
 FIRST CALL TO USER FUNCTION AT NEW START POINT, WITH IFLAG=4.
 START MIGRAD MINIMIZATION.  STRATEGY  1.  CONVERGENCE WHEN EDM .LT. 1.00e-03
 FCN=-11057.2 FROM MIGRAD    STATUS=INITIATE       24 CALLS          25 TOTAL
                     EDM= unknown      STRATEGY= 1      NO ERROR MATRIX       
  EXT PARAMETER               CURRENT GUESS       STEP         FIRST   
  NO.   NAME      VALUE            ERROR          SIZE      DERIVATIVE 
   1  #alpha_{WT1}^{0}   5.00000e-01   2.50000e-01   1.18625e-01  -9.36579e+03
   2  #alpha_{WT2}^{0}   2.50000e+00   1.00000e+00   2.35352e-01   6.52576e+03
   3  #sigma_{WT1}^{0}   3.00000e-02   1.50000e-02   9.09734e-02  -1.70775e+04
   4  mean_{WT}^{0}   5.27958e+00   1.00000e-01   2.26180e-01  -2.90662e+04
   5  n_{WT1}^{0}   1.00000e+00   4.95000e-01   5.17524e-02  -1.87040e+04
   6  n_{WT2}^{0}   1.00000e+00   4.95000e-01   5.17524e-02   4.96395e+03
                               ERR DEF= 0.5
 MIGRAD MINIMIZATION HAS CONVERGED.
 MIGRAD WILL VERIFY CONVERGENCE AND ERROR MATRIX.
 COVARIANCE MATRIX CALCULATED SUCCESSFULLY
 FCN=-13820.2 FROM MIGRAD    STATUS=CONVERGED     415 CALLS         416 TOTAL
                     EDM=1.65394e-05    STRATEGY= 1      ERROR MATRIX ACCURATE 
  EXT PARAMETER                                   STEP         FIRST   
  NO.   NAME      VALUE            ERROR          SIZE      DERIVATIVE 
   1  #alpha_{WT1}^{0}   7.06155e-01   4.53584e-02   2.94481e-04  -1.23000e-01
   2  #alpha_{WT2}^{0}   1.17298e+00   7.71351e-02   4.82197e-04  -4.07470e-01
   3  #sigma_{WT1}^{0}   4.61227e-02   1.73096e-03   1.72571e-04   9.70511e-01
   4  mean_{WT}^{0}   5.27008e+00   1.03733e-03   1.11747e-04   8.83280e-01
   5  n_{WT1}^{0}   1.07172e+01   3.07038e+00   2.92323e-03   1.13092e-02
   6  n_{WT2}^{0}   1.00085e+01   2.43729e+00   2.89485e-03  -7.17164e-02
                               ERR DEF= 0.5
 EXTERNAL ERROR MATRIX.    NDIM=  25    NPAR=  6    ERR DEF=0.5
  2.058e-03  2.216e-03  6.443e-05 -3.298e-05 -1.077e-01 -2.852e-02 
  2.216e-03  5.951e-03  1.093e-04 -1.952e-05 -5.497e-02 -1.452e-01 
  6.443e-05  1.093e-04  2.996e-06 -1.011e-06 -1.825e-03 -1.569e-03 
 -3.298e-05 -1.952e-05 -1.011e-06  1.076e-06  1.527e-03 -7.537e-05 
 -1.077e-01 -5.497e-02 -1.825e-03  1.527e-03  9.458e+00  5.126e-01 
 -2.852e-02 -1.452e-01 -1.569e-03 -7.537e-05  5.126e-01  5.954e+00 
 PARAMETER  CORRELATION COEFFICIENTS  
       NO.  GLOBAL      1      2      3      4      5      6
        1  0.97885   1.000  0.633  0.821 -0.701 -0.772 -0.258
        2  0.96876   0.633  1.000  0.819 -0.244 -0.232 -0.772
        3  0.96630   0.821  0.819  1.000 -0.563 -0.343 -0.372
        4  0.80826  -0.701 -0.244 -0.563  1.000  0.479 -0.030
        5  0.93073  -0.772 -0.232 -0.343  0.479  1.000  0.068
        6  0.90119  -0.258 -0.772 -0.372 -0.030  0.068  1.000
 **********
 **   16 **SET ERR         0.5
 **********
 **********
 **   17 **SET PRINT           1
 **********
 **********
 **   18 **HESSE        3000
 **********
 COVARIANCE MATRIX CALCULATED SUCCESSFULLY
 FCN=-13820.2 FROM HESSE     STATUS=OK             40 CALLS         456 TOTAL
                     EDM=1.70098e-05    STRATEGY= 1      ERROR MATRIX ACCURATE 
  EXT PARAMETER                                INTERNAL      INTERNAL  
  NO.   NAME      VALUE            ERROR       STEP SIZE       VALUE   
   1  #alpha_{WT1}^{0}   7.06155e-01   4.65894e-02   5.88962e-05  -1.03286e+00
   2  #alpha_{WT2}^{0}   1.17298e+00   7.99454e-02   9.64395e-05  -8.71670e-01
   3  #sigma_{WT1}^{0}   4.61227e-02   1.76520e-03   3.45142e-05  -1.13790e+00
   4  mean_{WT}^{0}   5.27008e+00   1.04578e-03   2.23493e-05  -4.77805e-01
   5  n_{WT1}^{0}   1.07172e+01   3.15825e+00   1.16929e-04  -9.04044e-01
   6  n_{WT2}^{0}   1.00085e+01   2.52430e+00   1.15794e-04  -9.27313e-01
                               ERR DEF= 0.5
 EXTERNAL ERROR MATRIX.    NDIM=  25    NPAR=  6    ERR DEF=0.5
  2.171e-03  2.371e-03  6.757e-05 -3.428e-05 -1.148e-01 -3.236e-02 
  2.371e-03  6.393e-03  1.162e-04 -2.058e-05 -6.034e-02 -1.587e-01 
  6.757e-05  1.162e-04  3.116e-06 -1.041e-06 -1.964e-03 -1.759e-03 
 -3.428e-05 -2.058e-05 -1.041e-06  1.094e-06  1.620e-03 -5.932e-05 
 -1.148e-01 -6.034e-02 -1.964e-03  1.620e-03  1.001e+01  6.100e-01 
 -3.236e-02 -1.587e-01 -1.759e-03 -5.932e-05  6.100e-01  6.387e+00 
 PARAMETER  CORRELATION COEFFICIENTS  
       NO.  GLOBAL      1      2      3      4      5      6
        1  0.97997   1.000  0.636  0.822 -0.704 -0.779 -0.275
        2  0.97096   0.636  1.000  0.823 -0.246 -0.239 -0.786
        3  0.96762   0.822  0.823  1.000 -0.564 -0.352 -0.394
        4  0.81171  -0.704 -0.246 -0.564  1.000  0.490 -0.022
        5  0.93467  -0.779 -0.239 -0.352  0.490  1.000  0.076
        6  0.90823  -0.275 -0.786 -0.394 -0.022  0.076  1.000
Info in <TCanvas::Print>: pdf file fit_results_mass_checkOnMC/newbdt_puw/save_fit_mc_0_2018_WT_newSigmaFRT_asInANv8.pdf has been created
fit status:  0 3
doublecb_0  -----> plotting  
setting nWT to  12519.0
mistag fraction on MC for bin  0  :  0.119428756773 +/- 0.269152750946
constraining var #sigma_{RT1}^{0} :  0.0307743050999  with uncertainty  0.000259926880192
constraining var #alpha_{RT1}^{0} :  1.2172273061  with uncertainty  0.023805901674
constraining var n_{RT1}^{0} :  3.94133908057  with uncertainty  0.182374470065
constraining var #sigma_{WT1}^{0} :  0.0461226616583  with uncertainty  0.00176519765775
constraining var #alpha_{WT1}^{0} :  0.706155420291  with uncertainty  0.0465894428934
constraining var #alpha_{WT2}^{0} :  1.17297608777  with uncertainty  0.079945364585
constraining var n_{WT1}^{0} :  10.717229319  with uncertainty  3.15825085853
constraining var n_{WT2}^{0} :  10.0084523707  with uncertainty  2.52429661864
constraining var #alpha_{RT2}^{0} :  1.28522710684  with uncertainty  0.0247121145597
constraining var n_{RT2}^{0} :  9.23747615353  with uncertainty  0.738697616361
nsig is
104824.0
here
total pdf created
Minuit2Minimizer: Minimize with max-calls 7500 convergence for edm < 1 strategy 2
Info in <Minuit2>: MnSeedGenerator Initial state: FCN =       97661.05552 Edm =       102913.9319 NCalls =     45
Info in <Minuit2>: MnSeedGenerator Negative G2 found - new state: 
  Minimum value : 69416.55264
  Edm           : 80481.39268
  Internal parameters:
     -1.223672313
    -0.8374737664
     -1.032862055
    -0.8716700799
     -1.218119267
     -1.137900314
     -1.506031939
    -0.8650728059
     -1.547773934
     -1.627464176
    -0.9534751415
    -0.9040435291
    -0.9273134744
     -1.435853993
      1.570265871
  Internal gradient  :
 -3.442640904e+10
     -1693.444918
    0.02773969898
    0.01968399771
      16700.64569
    0.03581296061
      2309698.593
    0.01942215906
      165.3719275
     -19571.29025
     -179.0615466
    0.02102776408
    0.02206605045
      13130.98733
    -0.4485971326
  Internal covariance matrix:
  1.6948976e-17              0              0              0              0              0              0              0              0              0              0              0              0              0              0
              0  4.7740955e-05              0              0              0              0              0              0              0              0              0              0              0              0              0
              0              0  0.00066146607              0              0              0              0              0              0              0              0              0              0              0              0
              0              0              0   0.0012345621              0              0              0              0              0              0              0              0              0              0              0
              0              0              0              0  3.9824538e-06              0              0              0              0              0              0              0              0              0              0
              0              0              0              0              0  0.00014164751              0              0              0              0              0              0              0              0              0
              0              0              0              0              0              0  5.5169396e-08              0              0              0              0              0              0              0              0
              0              0              0              0              0              0              0   0.0042789653              0              0              0              0              0              0              0
              0              0              0              0              0              0              0              0  0.00027857939              0              0              0              0              0              0
              0              0              0              0              0              0              0              0              0  7.3091839e-06              0              0              0              0              0
              0              0              0              0              0              0              0              0              0              0   0.0007149886              0              0              0              0
              0              0              0              0              0              0              0              0              0              0              0     0.02086738              0              0              0
              0              0              0              0              0              0              0              0              0              0              0              0    0.014163316              0              0
              0              0              0              0              0              0              0              0              0              0              0              0              0  1.9994722e-05              0
              0              0              0              0              0              0              0              0              0              0              0              0              0              0   0.0023649649
Info in <Minuit2>: MnSeedGenerator run Hesse - new state: 
  Minimum value : 69416.55264
  Edm           : 76175.49603
  Internal parameters:
     -1.223672313
    -0.8374737664
     -1.032862055
    -0.8716700799
     -1.218119267
     -1.137900314
     -1.506031939
    -0.8650728059
     -1.547773934
     -1.627464176
    -0.9534751415
    -0.9040435291
    -0.9273134744
     -1.435853993
      1.570265871
  Internal gradient  :
      3546.696357
     -1693.431252
  1.924160545e-06
  1.408440865e-06
      16700.61206
  2.376033556e-06
      2309698.595
  3.106092776e-05
      165.3722876
     -19571.33958
     -179.0538144
  1.370317403e-06
  1.425692549e-06
      13130.98813
    -0.4485923865
  Internal covariance matrix:
  1.6948977e-17  1.5197601e-19  4.2255329e-23 -5.7721613e-23 -4.3310375e-19  1.9553845e-23 -1.7551218e-20  2.1493396e-22  9.1224654e-20  1.6379464e-18 -1.1284537e-19 -3.8513805e-26 -1.9557146e-22  9.4221982e-21  9.6898089e-23
  1.5197601e-19  5.2495271e-05 -7.8554837e-14 -1.0065072e-13  2.1717962e-06 -3.6351606e-14  8.8611174e-08  6.0236384e-14  1.1330126e-07 -1.3934023e-07 -4.7893737e-05  3.2663394e-15 -3.3551404e-13  6.8992986e-07  7.6885812e-09
  4.2255329e-23 -7.8554837e-14  0.00066146607  1.2192003e-23   -2.55111e-14 -2.6913623e-13  -2.612051e-15 -7.3961733e-13  1.9154698e-13   -5.26519e-15 -2.7592114e-13 -1.6333217e-12  1.4284205e-21  4.9150498e-14 -2.0059018e-15
 -5.7721613e-23 -1.0065072e-13  1.2192003e-23   0.0012345621 -4.4279903e-14 -1.5600182e-22  4.3030148e-15  1.0104382e-12 -2.6582906e-13  1.0754774e-14 -3.9015927e-13 -2.2313844e-12  4.8962439e-21 -7.0895914e-14  2.7181605e-15
 -4.3310375e-19  2.1717962e-06   -2.55111e-14 -4.4279903e-14  4.2364399e-06 -1.1805377e-14 -7.6453684e-08  1.1846535e-13  1.8040406e-07 -1.8028957e-07  4.0925101e-06  4.2415003e-15 -1.4299478e-13 -1.3864515e-07 -1.7287167e-09
  1.9553845e-23 -3.6351606e-14 -2.6913623e-13 -1.5600182e-22 -1.1805377e-14  0.00014164751 -1.2087384e-15 -3.4226127e-13  8.8639233e-14 -2.4364905e-15 -1.2768376e-13    7.55827e-13  1.1350703e-22  2.2744615e-14 -9.2824034e-16
 -1.7551218e-20  8.8611174e-08  -2.612051e-15  4.3030148e-15 -7.6453684e-08 -1.2087384e-15  5.9196011e-08 -7.4807019e-16 -5.5590817e-08   1.337849e-07  3.4457083e-08 -3.1457671e-15  9.3914132e-15  1.8239394e-09  1.0038559e-11
  2.1493396e-22  6.0236384e-14 -7.3961733e-13  1.0104382e-12  1.1846535e-13 -3.4226127e-13 -7.4807019e-16   0.0042789653  2.3330097e-15  7.5951041e-14  1.1456668e-13 -3.6121274e-21 -3.4224399e-12 -4.2130108e-15  1.3984791e-12
  9.1224654e-20  1.1330126e-07  1.9154698e-13 -2.6582906e-13  1.8040406e-07  8.8639233e-14 -5.5590817e-08  2.3330097e-15  0.00027863829 -2.6232463e-07  7.4749658e-07  6.1689685e-15 -8.9022227e-13 -3.9480627e-08 -6.0650171e-10
  1.6379464e-18 -1.3934023e-07   -5.26519e-15  1.0754774e-14 -1.8028957e-07 -2.4364905e-15   1.337849e-07  7.5951041e-14 -2.6232463e-07  7.6142895e-06 -1.6309775e-07 -1.7903907e-13 -2.5857508e-13  1.8204197e-08  2.4216356e-10
 -1.1284537e-19 -4.7893737e-05 -2.7592114e-13 -3.9015927e-13  4.0925101e-06 -1.2768376e-13  3.4457083e-08  1.1456668e-13  7.4749658e-07 -1.6309775e-07  0.00076909661  3.8189378e-15 -1.3151836e-12  2.3648102e-06   1.230285e-08
 -3.8513805e-26  3.2663394e-15 -1.6333217e-12 -2.2313844e-12  4.2415003e-15    7.55827e-13 -3.1457671e-15 -3.6121274e-21  6.1689685e-15 -1.7903907e-13  3.8189378e-15     0.02086738 -7.5578884e-12  6.0322952e-16 -3.0884166e-12
 -1.9557146e-22 -3.3551404e-13  1.4284205e-21  4.8962439e-21 -1.4299478e-13  1.1350703e-22  9.3914132e-15 -3.4224399e-12 -8.9022227e-13 -2.5857508e-13 -1.3151836e-12 -7.5578884e-12    0.014163316 -2.4083577e-13  9.1972559e-15
  9.4221982e-21  6.8992986e-07  4.9150498e-14 -7.0895914e-14 -1.3864515e-07  2.2744615e-14  1.8239394e-09 -4.2130108e-15 -3.9480627e-08  1.8204197e-08  2.3648102e-06  6.0322952e-16 -2.4083577e-13  2.0025735e-05 -7.8971326e-07
  9.6898089e-23  7.6885812e-09 -2.0059018e-15  2.7181605e-15 -1.7287167e-09 -9.2824034e-16  1.0038559e-11  1.3984791e-12 -6.0650171e-10  2.4216356e-10   1.230285e-08 -3.0884166e-12  9.1972559e-15 -7.8971326e-07   0.0023649961
Info in <Minuit2>: VariableMetricBuilder Start iterating until Edm is < 0.001 with call limit = 7500
Info in <Minuit2>: VariableMetricBuilder    0 - FCN =       69416.55264 Edm =       76175.49603 NCalls =    616
Info in <Minuit2>: VariableMetricBuilder    1 - FCN =       21207.75709 Edm =        51407.1589 NCalls =    658
Info in <Minuit2>: VariableMetricBuilder    2 - FCN =      -1677.573428 Edm =       23302.65197 NCalls =    702
Minuit2:0: RuntimeWarning: DavidonErrorUpdator delgam < 0 : first derivatives increasing along search line
Info in <Minuit2>: VariableMetricBuilder    3 - FCN =      -2303.512218 Edm =       28209.65592 NCalls =    748
Minuit2:0: RuntimeWarning: VariableMetricBuilder Matrix not pos.def, gdel = 320084 > 0
Minuit2:0: RuntimeWarning: MnPosDef non-positive diagonal element in covariance matrix[ 0 ] = -1.72758e-17
Minuit2:0: RuntimeWarning: MnPosDef non-positive diagonal element in covariance matrix[ 6 ] = -1.20135e-07
Minuit2:0: RuntimeWarning: MnPosDef Added to diagonal of Error matrix a value 0.500001
Minuit2:0: RuntimeWarning: VariableMetricBuilder gdel = -4.59688e+21
Minuit2:0: RuntimeWarning: VariableMetricBuilder No improvement in line search
Info in <Minuit2>: VariableMetricBuilder    4 - FCN =      -2303.512218 Edm =       28209.65592 NCalls =    759
Minuit2:0: RuntimeWarning: VariableMetricBuilder Iterations finish without convergence; Edm 28234.4 Requested 0.001
Minuit2:0: RuntimeWarning: MnPosDef non-positive diagonal element in covariance matrix[ 8 ] = -791.762
Minuit2:0: RuntimeWarning: MnPosDef non-positive diagonal element in covariance matrix[ 9 ] = -457.538
Minuit2:0: RuntimeWarning: MnPosDef non-positive diagonal element in covariance matrix[ 13 ] = -1.1749e+06
Minuit2:0: RuntimeWarning: MnPosDef non-positive diagonal element in covariance matrix[ 14 ] = -1.37099
Minuit2:0: RuntimeWarning: MnPosDef Added to diagonal of Error matrix a value 1.1749e+06
Minuit2:0: RuntimeWarning: MnPosDef Matrix forced pos-def by adding to diagonal 145.753
Info in <Minuit2>: VariableMetricBuilder After Hessian
Info in <Minuit2>: VariableMetricBuilder    5 - FCN =      -2303.512218 Edm =        18135626.8 NCalls =    949
Info in <Minuit2>: VariableMetricBuilder Tolerance not sufficient, continue minimization; Edm 1.81356e+07 Required 0.001
Info in <Minuit2>: VariableMetricBuilder    6 - FCN =      -2318.631654 Edm =       140228282.6 NCalls =   1002
Info in <Minuit2>: VariableMetricBuilder    7 - FCN =      -2493.845086 Edm =       281.9224974 NCalls =   1041
Info in <Minuit2>: VariableMetricBuilder    8 - FCN =      -2493.957616 Edm =       196.0553472 NCalls =   1076
Minuit2:0: RuntimeWarning: DavidonErrorUpdator delgam < 0 : first derivatives increasing along search line
Info in <Minuit2>: VariableMetricBuilder    9 - FCN =      -2499.307669 Edm =       5348.075479 NCalls =   1126
Minuit2:0: RuntimeWarning: VariableMetricBuilder Matrix not pos.def, gdel = 69436.2 > 0
Minuit2:0: RuntimeWarning: MnPosDef non-positive diagonal element in covariance matrix[ 0 ] = -2.24988e-18
Minuit2:0: RuntimeWarning: MnPosDef non-positive diagonal element in covariance matrix[ 6 ] = -2.22017e-11
Minuit2:0: RuntimeWarning: MnPosDef non-positive diagonal element in covariance matrix[ 13 ] = -3.33676e-05
Minuit2:0: RuntimeWarning: MnPosDef Added to diagonal of Error matrix a value 0.500034
Minuit2:0: RuntimeWarning: VariableMetricBuilder gdel = -1.32523e+22
Minuit2:0: RuntimeWarning: VariableMetricBuilder No improvement in line search
Info in <Minuit2>: VariableMetricBuilder   10 - FCN =      -2499.307669 Edm =       5348.075479 NCalls =   1137
Minuit2:0: RuntimeWarning: VariableMetricBuilder Iterations finish without convergence; Edm 3.23822e+08 Requested 0.001
Minuit2:0: RuntimeWarning: VariableMetricBuilder FunctionMinimum is invalid after second try
Minuit2:0: RuntimeWarning: Minuit2Minimizer::Minimize Minimization did NOT converge, Edm is above max
Minuit2Minimizer : Invalid Minimum - status = 3
FVAL  = -2499.31
Edm   = 5348.08
Nfcn  = 1126
Info in <Minuit2>: Minuit2Minimizer::Hesse Using max-calls 7500
Minuit2:0: RuntimeWarning: MnPosDef non-positive diagonal element in covariance matrix[ 8 ] = -590.082
Minuit2:0: RuntimeWarning: MnPosDef non-positive diagonal element in covariance matrix[ 9 ] = -705.538
Minuit2:0: RuntimeWarning: MnPosDef non-positive diagonal element in covariance matrix[ 14 ] = -265.172
Minuit2:0: RuntimeWarning: MnPosDef Added to diagonal of Error matrix a value 706.038
Minuit2:0: RuntimeWarning: MnPosDef Matrix forced pos-def by adding to diagonal 24.805
Info in <Minuit2>: Minuit2Minimizer::Hesse Hesse is valid - matrix is full but made positive defined
fit with Hesse strategy 2 done, now Minos
Minuit2Minimizer: Minimize with max-calls 7500 convergence for edm < 1 strategy 2
Info in <Minuit2>: MnSeedGenerator Initial state: FCN =      -2499.307669 Edm =       300.5145008 NCalls =     61
Info in <Minuit2>: MnSeedGenerator Negative G2 found - new state: 
  Minimum value : -3650.539946
  Edm           : 1986.282444
  Internal parameters:
     -1.141589872
    -0.9372457528
     -1.032862195
    -0.8716702693
     -1.187063936
     -1.137900353
     -1.568108998
    -0.8650690296
   -0.01547675218
    -0.6780604493
     -1.054281922
    -0.9040469017
    -0.9273158836
     -1.533327458
     -2.764437794
  Internal gradient  :
     -2983.149335
     -1699.579554
   0.001037734847
  0.0007283857942
       16087.7645
   0.001342762747
     -211497.4706
     0.0027865765
      193.6746266
     -77.16566248
     -156.3559709
  0.0007828665709
  0.0008204899011
     -7067.492984
      20.63862035
  Internal covariance matrix:
  0.00057321228              0              0              0              0              0              0              0              0              0              0              0              0              0              0
              0  0.00014833725              0              0              0              0              0              0              0              0              0              0              0              0              0
              0              0  0.00066146907              0              0              0              0              0              0              0              0              0              0              0              0
              0              0              0   0.0012345634              0              0              0              0              0              0              0              0              0              0              0
              0              0              0              0  3.5824706e-06              0              0              0              0              0              0              0              0              0              0
              0              0              0              0              0  0.00014164781              0              0              0              0              0              0              0              0              0
              0              0              0              0              0              0  1.8706505e-08              0              0              0              0              0              0              0              0
              0              0              0              0              0              0              0   0.0042789116              0              0              0              0              0              0              0
              0              0              0              0              0              0              0              0   0.0023980497              0              0              0              0              0              0
              0              0              0              0              0              0              0              0              0   0.0010620145              0              0              0              0              0
              0              0              0              0              0              0              0              0              0              0    0.001782118              0              0              0              0
              0              0              0              0              0              0              0              0              0              0              0    0.020868129              0              0              0
              0              0              0              0              0              0              0              0              0              0              0              0    0.014163802              0              0
              0              0              0              0              0              0              0              0              0              0              0              0              0  1.0212148e-05              0
              0              0              0              0              0              0              0              0              0              0              0              0              0              0   0.0038248513
Minuit2:0: RuntimeWarning: MnPosDef Matrix forced pos-def by adding to diagonal 0.231049
Info in <Minuit2>: MnSeedGenerator run Hesse - new state: 
  Minimum value : -3650.539946
  Edm           : 2669.418184
  Internal parameters:
     -1.141589872
    -0.9372457528
     -1.032862195
    -0.8716702693
     -1.187063936
     -1.137900353
     -1.568108998
    -0.8650690296
   -0.01547675218
    -0.6780604493
     -1.054281922
    -0.9040469017
    -0.9273158836
     -1.533327458
     -2.764437794
  Internal gradient  :
     -2983.152334
     -1699.580622
  -0.000421151083
 -0.0003068476915
      16087.76261
 -0.0005406838429
     -211497.4519
   0.001766681695
      193.6764962
     -77.16624733
     -156.3570221
 -0.0003231636244
 -0.0003401164499
     -7067.498891
      20.63983742
  Internal covariance matrix:
   0.0046452397 -0.00020476696  1.2882854e-12   1.008909e-11  2.2905536e-06  3.4174347e-12 -0.00012936261   1.878287e-11    0.011089068  0.00078991978 -0.00045981092  7.2360087e-12 -5.9002068e-12   0.0029721399   -0.018767845
 -0.00020476696  0.00013225968 -5.7558019e-14 -6.0096948e-13  1.0929389e-08 -2.0356384e-13  6.8282595e-06 -1.1188255e-12  -0.0006085574 -4.1287809e-05  1.0330374e-05 -3.2329041e-13  2.6663474e-13 -0.00015701138  0.00099482002
  1.2882854e-12 -5.7558019e-14  0.00053732129  1.5575572e-13  9.0225897e-15  5.2758475e-14 -3.6481466e-14   2.899706e-13  3.1454092e-12  3.6900416e-13 -1.2980708e-13  2.6925723e-21 -1.9772877e-21  8.3815331e-13 -5.2942806e-12
   1.008909e-11 -6.0096948e-13  1.5575572e-13   0.0010028544  4.2191032e-15  1.4415316e-13 -3.1849793e-13  4.6422454e-20  2.8157009e-11   1.988093e-12 -1.4345111e-12  8.7484474e-13 -7.2074088e-13   7.316956e-12  -4.628277e-11
  2.2905536e-06  1.0929389e-08  9.0225897e-15  4.2191032e-15  2.9129214e-06   1.429119e-15 -5.9055635e-08  7.8547092e-15   6.621652e-06  2.9387017e-07 -1.3167311e-07  5.0677851e-14  3.6051483e-14  1.3631185e-06 -9.1027343e-06
  3.4174347e-12 -2.0356384e-13  5.2758475e-14  1.4415316e-13   1.429119e-15  0.00011506265 -1.0788345e-13  1.5724481e-20  9.5375044e-12   6.734183e-13 -4.8590585e-13  2.9633245e-13  -2.441335e-13  2.4784415e-12 -1.5677167e-11
 -0.00012936261  6.8282595e-06 -3.6481466e-14 -3.1849793e-13 -5.9055635e-08 -1.0788345e-13  4.1296175e-06 -5.9294795e-13 -0.00036997055 -2.5660464e-05  1.5407495e-05 -2.0490816e-13  1.6723626e-13 -9.4663991e-05  0.00060516167
   1.878287e-11 -1.1188255e-12   2.899706e-13  4.6422454e-20  7.8547092e-15  1.5724481e-20 -5.9294795e-13   0.0034758244  5.2419935e-11  3.7012349e-12 -2.6706308e-12  1.6286994e-12 -1.3418041e-12  1.3621985e-11 -8.6164686e-11
    0.011089068  -0.0006085574  3.1454092e-12  2.8157009e-11   6.621652e-06  9.5375044e-12 -0.00036997055  5.2419935e-11     0.03560637   0.0022807022  -0.0013982285  1.7667054e-11 -1.4378143e-11   0.0085026843   -0.054387098
  0.00078991978 -4.1287809e-05  3.6900416e-13   1.988093e-12  2.9387017e-07   6.734183e-13 -2.5660464e-05  3.7012349e-12   0.0022807022   0.0010239195 -9.3351703e-05  2.0726131e-12 -1.6996733e-12  0.00058934196  -0.0037229737
 -0.00045981092  1.0330374e-05 -1.2980708e-13 -1.4345111e-12 -1.3167311e-07 -4.8590585e-13  1.5407495e-05 -2.6706308e-12  -0.0013982285 -9.3351703e-05   0.0015085725 -7.2909708e-13  5.9714976e-13  -0.0003544793   0.0022426771
  7.2360087e-12 -3.2329041e-13  2.6925723e-21  8.7484474e-13  5.0677851e-14  2.9633245e-13 -2.0490816e-13  1.6286994e-12  1.7667054e-11  2.0726131e-12 -7.2909708e-13    0.016951496 -1.1105979e-20  4.7077181e-12  -2.973678e-11
 -5.9002068e-12  2.6663474e-13 -1.9772877e-21 -7.2074088e-13  3.6051483e-14  -2.441335e-13  1.6723626e-13 -1.3418041e-12 -1.4378143e-11 -1.6996733e-12  5.9714976e-13 -1.1105979e-20     0.01150547 -3.8420457e-12  2.4255519e-11
   0.0029721399 -0.00015701138  8.3815331e-13   7.316956e-12  1.3631185e-06  2.4784415e-12 -9.4663991e-05  1.3621985e-11   0.0085026843  0.00058934196  -0.0003544793  4.7077181e-12 -3.8420457e-12   0.0021788221   -0.013884863
   -0.018767845  0.00099482002 -5.2942806e-12  -4.628277e-11 -9.1027343e-06 -1.5677167e-11  0.00060516167 -8.6164686e-11   -0.054387098  -0.0037229737   0.0022426771  -2.973678e-11  2.4255519e-11   -0.013884863    0.091878206
Info in <Minuit2>: VariableMetricBuilder Start iterating until Edm is < 0.001 with call limit = 7500
Info in <Minuit2>: VariableMetricBuilder    0 - FCN =      -3650.539946 Edm =       2669.418184 NCalls =    556
Info in <Minuit2>: VariableMetricBuilder    1 - FCN =      -3862.114025 Edm =       3201.619674 NCalls =    607
Info in <Minuit2>: VariableMetricBuilder    2 - FCN =      -4409.105106 Edm =       348.7844871 NCalls =    653
Info in <Minuit2>: VariableMetricBuilder    3 - FCN =      -4470.005517 Edm =       932.2378202 NCalls =    687
Info in <Minuit2>: VariableMetricBuilder    4 - FCN =      -4691.149021 Edm =       38.55467653 NCalls =    725
Info in <Minuit2>: VariableMetricBuilder    5 - FCN =      -4729.063286 Edm =        18.5460063 NCalls =    759
Info in <Minuit2>: VariableMetricBuilder    6 - FCN =      -4752.932983 Edm =       7.633132475 NCalls =    793
Info in <Minuit2>: VariableMetricBuilder    7 - FCN =       -4760.68718 Edm =       2.429569262 NCalls =    825
Info in <Minuit2>: VariableMetricBuilder    8 - FCN =      -4762.776282 Edm =      0.1387836023 NCalls =    859
Info in <Minuit2>: VariableMetricBuilder    9 - FCN =      -4763.311334 Edm =      0.4273982675 NCalls =    893
Info in <Minuit2>: VariableMetricBuilder   10 - FCN =      -4770.344167 Edm =       1.094028556 NCalls =    934
Info in <Minuit2>: VariableMetricBuilder   11 - FCN =      -4771.253078 Edm =       1.019035884 NCalls =    968
Info in <Minuit2>: VariableMetricBuilder   12 - FCN =      -4771.473657 Edm =    0.009494286696 NCalls =   1000
Info in <Minuit2>: VariableMetricBuilder   13 - FCN =      -4771.481375 Edm =     0.00011464096 NCalls =   1032
Info in <Minuit2>: VariableMetricBuilder After Hessian
Info in <Minuit2>: VariableMetricBuilder   14 - FCN =      -4771.481375 Edm =   0.0001253918917 NCalls =   1210
Minuit2Minimizer : Valid minimum - status = 0
FVAL  = -4771.48137530269923
Edm   = 0.000125391891707453651
Nfcn  = 1210
#alpha_{RT1}^{0}	  = 1.21249	 +/-  0.0237554	(limited)
#alpha_{RT2}^{0}	  = 1.28652	 +/-  0.0244857	(limited)
#alpha_{WT1}^{0}	  = 0.706154	 +/-  0.0465869	(limited)
#alpha_{WT2}^{0}	  = 1.17297	 +/-  0.0799372	(limited)
#sigma_{RT1}^{0}	  = 0.0307832	 +/-  0.000258196	(limited)
#sigma_{WT1}^{0}	  = 0.0461226	 +/-  0.00176518	(limited)
Yield	  = 453.47	 +/-  25.1785	(limited)
f_{M}^{0}	  = 0.119428	 +/-  0.0149947	(limited)
mean_{RT}^{0}	  = 5.27652	 +/-  0.00206269	(limited)
n_{RT1}^{0}	  = 3.92188	 +/-  0.182927	(limited)
n_{RT2}^{0}	  = 9.26862	 +/-  0.734587	(limited)
n_{WT1}^{0}	  = 10.7168	 +/-  3.15279	(limited)
n_{WT2}^{0}	  = 10.0081	 +/-  2.52133	(limited)
nbkg	  = 500.679	 +/-  40.2014	(limited)
slope	  = -6.23768	 +/-  0.602465	(limited)
Info in <Minuit2>: Minuit2Minimizer::Hesse Using max-calls 7500
Info in <Minuit2>: Minuit2Minimizer::Hesse Hesse is valid - matrix is accurate
******************************************************************************************************
Minuit2Minimizer::GetMinosError - Run MINOS LOWER error for parameter #0 : #alpha_{RT1}^{0} using max-calls 7500, tolerance 1
Info in <Minuit2>: MnMinos Determination of lower Minos error for parameter 0
Info in <Minuit2>: MnFunctionCross Run Migrad with fixed parameters:
  Pos 0: #alpha_{RT1}^{0} = 1.18874
Info in <Minuit2>: MnSeedGenerator Initial state: FCN =      -4770.980399 Edm =   0.0001505957912 NCalls =     29
Info in <Minuit2>: VariableMetricBuilder Start iterating until Edm is < 0.0005 with call limit = 7500
Info in <Minuit2>: VariableMetricBuilder    0 - FCN =      -4770.980399 Edm =   0.0001505957912 NCalls =     29
Info in <Minuit2>: VariableMetricBuilder    1 - FCN =      -4770.980523 Edm =   3.996453276e-05 NCalls =     59
Info in <Minuit2>: MnFunctionCross Result after Migrad FCN =      -4770.980523 Edm =   3.996453276e-05 NCalls =     59 
