
[1mRooFit v3.60 -- Developed by Wouter Verkerke and David Kirkby[0m 
                Copyright (C) 2000-2013 NIKHEF, University of California & Stanford University
                All rights reserved, please read http://roofit.sourceforge.net/license.txt

Error in <TUnixSystem::FindDynamicLibrary>: ../utils/func_roofit/libRooGaussDoubleSidedExp[.so | .dll | .dylib | .sl | .dl | .a] does not exist in /cvmfs/sw.el7/gcc63/root/6.24.06/b01/lib64:/cvmfs/sw.el7/gcc63/root/6.24.06/b01/lib:/cvmfs/sw.el7/gcc63/pythia/8.2.40/b02/lib:/cvmfs/sw.el7/gcc/6.3/lib64:/cvmfs/sw.el7/gcc/6.3/lib:/cvmfs/sw.el7/gcc/6.3/libexec/gcc/x86_64-unknown-linux-gnu/6.3.1:.:/cvmfs/sw.el7/gcc63/root/6.24.06/b01/lib:/lib64/tls/x86_64:/lib64/tls:/lib64/x86_64:/lib64:/usr/lib64/tls/x86_64:/usr/lib64/tls:/usr/lib64/x86_64:/usr/lib64:/cvmfs/sw.el7/gcc63/root/6.24.06/b01/python/lib:/cvmfs/sw.el7/gcc63/root/6.24.06
start function declaration
mc file name: /lstore/cms/boletti/Run2-BdToKstarMuMu/2018MC_JPSI_newphi_punzi_removeTkMu_fixBkg_B0Psicut_addxcutvariable.root
data file name: /lstore/cms/boletti/Run2-BdToKstarMuMu/2018data_newphi_punzi_removeTkMu_fixBkg_B0Psicut_addxcutvariable.root
reading data...
[#0] ERROR:InputArguments -- Didn't find a branch in Tree 'ntuple' to read variable 'weight' from.
	Note: Name the RooFit variable the same as the branch.
it worked :)
reading monte carlo...
dimuon selection:  keepJpsi
dimuon selection:  keepJpsi
dimuon selection:  keepJpsi
dimuon selection:  keepJpsi
dimuon selection:  keepJpsi
now fitting:  4  for  correctTag  
fitting the mc...
 **********
 **    1 **SET PRINT           1
 **********
 **********
 **    2 **SET NOGRAD
 **********
 PARAMETER DEFINITIONS:
    NO.   NAME         VALUE      STEP SIZE      LIMITS
     1 #alpha_{RT1}^{4}   1.50000e+00  7.50000e-01    0.00000e+00  1.00000e+01
     2 #alpha_{RT2}^{4}  -2.00000e+00  1.00000e+00   -1.00000e+01  0.00000e+00
     3 #sigma_{RT1}^{4}   2.80000e-02  1.40000e-02    0.00000e+00  1.00000e+00
     4 #sigma_{RT2}^{4}   4.80000e-02  2.40000e-02    0.00000e+00  1.00000e+00
     5 f^{RT4}      8.00000e-01  1.00000e-01    0.00000e+00  1.00000e+00
     6 mean_{RT}^{4}   5.27958e+00  2.00000e-02    5.20000e+00  5.40000e+00
     7 n_{RT1}^{4}   1.00000e+00  4.99500e-01    1.00000e-03  2.00000e+02
     8 n_{RT2}^{4}   1.00000e+00  4.99500e-01    1.00000e-03  2.00000e+02
 **********
 **    3 **SET ERR         0.5
 **********
 **********
 **    4 **SET PRINT           1
 **********
 **********
 **    5 **SET STR           1
 **********
 NOW USING STRATEGY  1: TRY TO BALANCE SPEED AGAINST RELIABILITY
 **********
 **    6 **MIGRAD        4000           1
 **********
 FIRST CALL TO USER FUNCTION AT NEW START POINT, WITH IFLAG=4.
 START MIGRAD MINIMIZATION.  STRATEGY  1.  CONVERGENCE WHEN EDM .LT. 1.00e-03
 FCN=-2.90011e+06 FROM MIGRAD    STATUS=INITIATE       38 CALLS          39 TOTAL
                     EDM= unknown      STRATEGY= 1      NO ERROR MATRIX       
  EXT PARAMETER               CURRENT GUESS       STEP         FIRST   
  NO.   NAME      VALUE            ERROR          SIZE      DERIVATIVE 
   1  #alpha_{RT1}^{4}   1.50000e+00   7.50000e-01   2.16811e-01  -6.57723e+05
   2  #alpha_{RT2}^{4}  -2.00000e+00   1.00000e+00   2.57889e-01   6.63905e+04
   3  #sigma_{RT1}^{4}   2.80000e-02   1.40000e-02   8.78020e-02  -2.19117e+05
   4  #sigma_{RT2}^{4}   4.80000e-02   2.40000e-02   1.16111e-01   3.00275e+04
   5  f^{RT4}      8.00000e-01   1.00000e-01   2.57889e-01   5.74084e+04
   6  mean_{RT}^{4}   5.27958e+00   2.00000e-02   2.05952e-01  -2.99899e+05
   7  n_{RT1}^{4}   1.00000e+00   4.99500e-01   3.66720e-02  -1.63999e+06
   8  n_{RT2}^{4}   1.00000e+00   4.99500e-01   3.66720e-02  -1.20184e+05
                               ERR DEF= 0.5
 MIGRAD MINIMIZATION HAS CONVERGED.
 FCN=-2.98395e+06 FROM MIGRAD    STATUS=CONVERGED     460 CALLS         461 TOTAL
                     EDM=4.28543e-05    STRATEGY= 1  ERROR MATRIX UNCERTAINTY   3.7 per cent
  EXT PARAMETER                                   STEP         FIRST   
  NO.   NAME      VALUE            ERROR          SIZE      DERIVATIVE 
   1  #alpha_{RT1}^{4}   1.60749e+00   1.53002e-02  -2.41154e-05   3.31139e-01
   2  #alpha_{RT2}^{4}  -2.47308e+00   2.53551e-02   1.91217e-05  -1.62509e+00
   3  #sigma_{RT1}^{4}   2.62869e-02   9.89478e-05   1.22536e-05   4.45815e-01
   4  #sigma_{RT2}^{4}   4.66790e-02   1.74754e-04   1.59567e-05  -1.05791e+01
   5  f^{RT4}      5.75502e-01   5.13852e-03   2.34324e-04  -6.07245e-02
   6  mean_{RT}^{4}   5.27984e+00   3.72405e-05  -2.49086e-06   2.31089e+00
   7  n_{RT1}^{4}   3.50798e+00   7.64748e-02   2.68242e-05   1.74604e+00
   8  n_{RT2}^{4}   3.36184e+00   1.88338e-01   1.16236e-05   3.53238e-01
                               ERR DEF= 0.5
 EXTERNAL ERROR MATRIX.    NDIM=  25    NPAR=  8    ERR DEF=0.5
  2.341e-04 -1.150e-04  5.008e-07  1.301e-06  1.649e-05 -3.581e-07 -9.557e-04 -5.438e-04 
 -1.150e-04  6.429e-04 -3.177e-07 -1.761e-06 -2.460e-05  1.324e-07  2.777e-04  4.382e-03 
  5.008e-07 -3.177e-07  9.791e-09  1.299e-08  4.565e-07 -6.117e-10  1.174e-06 -2.213e-06 
  1.301e-06 -1.761e-06  1.299e-08  3.054e-08  7.776e-07 -1.690e-09  1.259e-07 -9.990e-06 
  1.649e-05 -2.460e-05  4.565e-07  7.776e-07  2.641e-05 -1.068e-08  1.144e-04 -1.636e-04 
 -3.581e-07  1.324e-07 -6.117e-10 -1.690e-09 -1.068e-08  1.387e-09  1.434e-06  5.622e-07 
 -9.557e-04  2.777e-04  1.174e-06  1.259e-07  1.144e-04  1.434e-06  5.848e-03  9.327e-04 
 -5.438e-04  4.382e-03 -2.213e-06 -9.990e-06 -1.636e-04  5.622e-07  9.327e-04  3.547e-02 
 PARAMETER  CORRELATION COEFFICIENTS  
       NO.  GLOBAL      1      2      3      4      5      6      7      8
        1  0.97111   1.000 -0.297  0.331  0.487  0.210 -0.628 -0.817 -0.189
        2  0.93839  -0.297  1.000 -0.127 -0.397 -0.189  0.140  0.143  0.918
        3  0.93774   0.331 -0.127  1.000  0.751  0.898 -0.166  0.155 -0.119
        4  0.95560   0.487 -0.397  0.751  1.000  0.866 -0.260  0.009 -0.304
        5  0.97090   0.210 -0.189  0.898  0.866  1.000 -0.056  0.291 -0.169
        6  0.65305  -0.628  0.140 -0.166 -0.260 -0.056  1.000  0.504  0.080
        7  0.95645  -0.817  0.143  0.155  0.009  0.291  0.504  1.000  0.065
        8  0.92729  -0.189  0.918 -0.119 -0.304 -0.169  0.080  0.065  1.000
 **********
 **    7 **SET ERR         0.5
 **********
 **********
 **    8 **SET PRINT           1
 **********
 **********
 **    9 **HESSE        4000
 **********
 COVARIANCE MATRIX CALCULATED SUCCESSFULLY
 FCN=-2.98395e+06 FROM HESSE     STATUS=OK             75 CALLS         536 TOTAL
                     EDM=0.000765071    STRATEGY= 1      ERROR MATRIX ACCURATE 
  EXT PARAMETER                                INTERNAL      INTERNAL  
  NO.   NAME      VALUE            ERROR       STEP SIZE       VALUE   
   1  #alpha_{RT1}^{4}   1.60749e+00   1.35263e-02   1.21631e-03  -7.45721e-01
   2  #alpha_{RT2}^{4}  -2.47308e+00   2.38183e-02   2.53584e-03   5.29828e-01
   3  #sigma_{RT1}^{4}   2.62869e-02   1.00171e-04   2.57073e-04  -1.24509e+00
   4  #sigma_{RT2}^{4}   4.66790e-02   1.71024e-04   2.94013e-04  -1.13526e+00
   5  f^{RT4}      5.75502e-01   5.19410e-03   2.97416e-03   1.51584e-01
   6  mean_{RT}^{4}   5.27984e+00   3.60585e-05   3.47038e-04  -2.02958e-01
   7  n_{RT1}^{4}   3.50798e+00   7.01139e-02   1.05136e-03  -1.30518e+00
   8  n_{RT2}^{4}   3.36184e+00   1.75986e-01   3.33811e-03  -1.31080e+00
                               ERR DEF= 0.5
 EXTERNAL ERROR MATRIX.    NDIM=  25    NPAR=  8    ERR DEF=0.5
  1.830e-04 -7.636e-05  4.373e-07  1.051e-06  1.489e-05 -2.839e-07 -7.176e-04 -3.989e-04 
 -7.636e-05  5.673e-04 -1.767e-07 -1.318e-06 -1.644e-05  7.552e-08  1.695e-04  3.798e-03 
  4.373e-07 -1.767e-07  1.003e-08  1.291e-08  4.693e-07 -5.695e-10  1.696e-06 -1.584e-06 
  1.051e-06 -1.318e-06  1.291e-08  2.925e-08  7.771e-07 -1.379e-09  1.505e-06 -7.775e-06 
  1.489e-05 -1.644e-05  4.693e-07  7.771e-07  2.698e-05 -1.072e-08  1.328e-04 -1.228e-04 
 -2.839e-07  7.552e-08 -5.695e-10 -1.379e-09 -1.072e-08  1.300e-09  1.052e-06  3.576e-07 
 -7.176e-04  1.695e-04  1.696e-06  1.505e-06  1.328e-04  1.052e-06  4.916e-03  6.216e-04 
 -3.989e-04  3.798e-03 -1.584e-06 -7.775e-06 -1.228e-04  3.576e-07  6.216e-04  3.097e-02 
 PARAMETER  CORRELATION COEFFICIENTS  
       NO.  GLOBAL      1      2      3      4      5      6      7      8
        1  0.96092   1.000 -0.237  0.323  0.455  0.212 -0.582 -0.757 -0.168
        2  0.92287  -0.237  1.000 -0.074 -0.324 -0.133  0.088  0.101  0.906
        3  0.93892   0.323 -0.074  1.000  0.754  0.902 -0.158  0.241 -0.090
        4  0.95264   0.455 -0.324  0.754  1.000  0.875 -0.224  0.125 -0.258
        5  0.97145   0.212 -0.133  0.902  0.875  1.000 -0.057  0.365 -0.134
        6  0.61273  -0.582  0.088 -0.158 -0.224 -0.057  1.000  0.416  0.056
        7  0.94398  -0.757  0.101  0.241  0.125  0.365  0.416  1.000  0.050
        8  0.91260  -0.168  0.906 -0.090 -0.258 -0.134  0.056  0.050  1.000
fit status:  0 3
doublecb_RT4  -----> plotting  
Info in <TCanvas::MakeDefCanvas>:  created default TCanvas with name c1
cbshape_RT1_4  -----> plotting  
cbshape_RT2_4  -----> plotting  
setting nRT to  1629099.0
Info in <TCanvas::Print>: pdf file fit_results_mass_checkOnMC/newbdt_puw/save_fit_mc_4_2018_RT_newSigmaFRT_Jpsi_asInANv8.pdf has been created
now fitting:  4  for   wrongTag
fitting the mc...
 **********
 **    1 **SET PRINT           1
 **********
 **********
 **    2 **SET NOGRAD
 **********
 PARAMETER DEFINITIONS:
    NO.   NAME         VALUE      STEP SIZE      LIMITS
     1 #alpha_{WT1}^{4}   5.00000e-01  2.50000e-01    0.00000e+00  1.00000e+01
     2 #alpha_{WT2}^{4}   2.50000e+00  1.00000e+00    0.00000e+00  1.00000e+01
     3 #sigma_{WT1}^{4}   3.00000e-02  1.50000e-02    0.00000e+00  1.00000e+00
     4 mean_{WT}^{4}   5.27958e+00  1.00000e-01    5.00000e+00  6.00000e+00
     5 n_{WT1}^{4}   1.00000e+00  4.95000e-01    1.00000e-02  1.00000e+02
     6 n_{WT2}^{4}   1.00000e+00  4.95000e-01    1.00000e-02  1.00000e+02
 **********
 **    3 **SET ERR         0.5
 **********
 **********
 **    4 **SET PRINT           1
 **********
 **********
 **    5 **SET STR           1
 **********
 NOW USING STRATEGY  1: TRY TO BALANCE SPEED AGAINST RELIABILITY
 **********
 **    6 **MIGRAD        3000           1
 **********
 FIRST CALL TO USER FUNCTION AT NEW START POINT, WITH IFLAG=4.
 START MIGRAD MINIMIZATION.  STRATEGY  1.  CONVERGENCE WHEN EDM .LT. 1.00e-03
 FCN=-198389 FROM MIGRAD    STATUS=INITIATE       24 CALLS          25 TOTAL
                     EDM= unknown      STRATEGY= 1      NO ERROR MATRIX       
  EXT PARAMETER               CURRENT GUESS       STEP         FIRST   
  NO.   NAME      VALUE            ERROR          SIZE      DERIVATIVE 
   1  #alpha_{WT1}^{4}   5.00000e-01   2.50000e-01   1.18625e-01  -2.23351e+05
   2  #alpha_{WT2}^{4}   2.50000e+00   1.00000e+00   2.35352e-01   1.43601e+05
   3  #sigma_{WT1}^{4}   3.00000e-02   1.50000e-02   9.09734e-02  -4.31136e+05
   4  mean_{WT}^{4}   5.27958e+00   1.00000e-01   2.26180e-01  -8.13872e+05
   5  n_{WT1}^{4}   1.00000e+00   4.95000e-01   5.17524e-02  -4.15948e+05
   6  n_{WT2}^{4}   1.00000e+00   4.95000e-01   5.17524e-02   1.05627e+05
                               ERR DEF= 0.5
 MIGRAD MINIMIZATION HAS CONVERGED.
 MIGRAD WILL VERIFY CONVERGENCE AND ERROR MATRIX.
 COVARIANCE MATRIX CALCULATED SUCCESSFULLY
 FCN=-272982 FROM HESSE     STATUS=OK             50 CALLS         400 TOTAL
                     EDM=0.0035506    STRATEGY= 1      ERROR MATRIX ACCURATE 
  EXT PARAMETER                                   STEP         FIRST   
  NO.   NAME      VALUE            ERROR          SIZE      DERIVATIVE 
   1  #alpha_{WT1}^{4}   8.77881e-01   1.20657e-02   3.58254e-04  -7.90126e-01
   2  #alpha_{WT2}^{4}   1.20365e+00   1.88258e-02   5.23958e-04  -3.44252e+00
   3  #sigma_{WT1}^{4}   4.91973e-02   3.45511e-04   1.70032e-04   3.95957e+00
   4  mean_{WT}^{4}   5.27448e+00   2.04911e-04   1.11005e-04  -1.69151e+00
   5  n_{WT1}^{4}   1.52246e+01   1.31312e+00   5.13760e-03  -1.04733e+00
   6  n_{WT2}^{4}   1.85045e+01   2.08603e+00   7.70190e-03  -1.20177e+00
                               ERR DEF= 0.5
 MIGRAD MINIMIZATION HAS CONVERGED.
 FCN=-272982 FROM MIGRAD    STATUS=CONVERGED     413 CALLS         414 TOTAL
                     EDM=3.18546e-05    STRATEGY= 1  ERROR MATRIX UNCERTAINTY   3.5 per cent
  EXT PARAMETER                                   STEP         FIRST   
  NO.   NAME      VALUE            ERROR          SIZE      DERIVATIVE 
   1  #alpha_{WT1}^{4}   8.77836e-01   1.20757e-02  -1.60209e-05   1.18719e-01
   2  #alpha_{WT2}^{4}   1.20470e+00   1.77653e-02   3.23320e-04   1.36579e-01
   3  #sigma_{WT1}^{4}   4.92047e-02   3.40716e-04   3.42133e-05  -1.02830e+00
   4  mean_{WT}^{4}   5.27448e+00   2.05821e-04   1.06963e-05  -5.60408e-01
   5  n_{WT1}^{4}   1.52587e+01   1.33996e+00   9.50268e-04  -1.76902e-01
   6  n_{WT2}^{4}   1.83595e+01   1.91959e+00   3.73898e-03   7.23599e-02
                               ERR DEF= 0.5
 EXTERNAL ERROR MATRIX.    NDIM=  25    NPAR=  6    ERR DEF=0.5
  1.458e-04  1.196e-04  3.249e-06 -1.466e-06 -1.289e-02  5.076e-03 
  1.196e-04  3.156e-04  4.725e-06 -1.378e-07 -4.854e-03  2.715e-02 
  3.249e-06  4.725e-06  1.161e-07 -2.735e-08 -1.603e-04  2.366e-04 
 -1.466e-06 -1.378e-07 -2.735e-08  4.236e-08  1.224e-04  5.145e-05 
 -1.289e-02 -4.854e-03 -1.603e-04  1.224e-04  1.796e+00 -1.175e-01 
  5.076e-03  2.715e-02  2.366e-04  5.145e-05 -1.175e-01  3.688e+00 
 PARAMETER  CORRELATION COEFFICIENTS  
       NO.  GLOBAL      1      2      3      4      5      6
        1  0.97257   1.000  0.558  0.790 -0.590 -0.797  0.219
        2  0.96397   0.558  1.000  0.781 -0.038 -0.204  0.796
        3  0.95423   0.790  0.781  1.000 -0.390 -0.351  0.362
        4  0.74498  -0.590 -0.038 -0.390  1.000  0.444  0.130
        5  0.92292  -0.797 -0.204 -0.351  0.444  1.000 -0.046
        6  0.90400   0.219  0.796  0.362  0.130 -0.046  1.000
 **********
 **    7 **SET ERR         0.5
 **********
 **********
 **    8 **SET PRINT           1
 **********
 **********
 **    9 **HESSE        3000
 **********
 COVARIANCE MATRIX CALCULATED SUCCESSFULLY
 FCN=-272982 FROM HESSE     STATUS=OK             48 CALLS         462 TOTAL
                     EDM=3.87025e-05    STRATEGY= 1      ERROR MATRIX ACCURATE 
  EXT PARAMETER                                INTERNAL      INTERNAL  
  NO.   NAME      VALUE            ERROR       STEP SIZE       VALUE   
   1  #alpha_{WT1}^{4}   8.77836e-01   1.23403e-02   1.43302e-04  -9.69199e-01
   2  #alpha_{WT2}^{4}   1.20470e+00   1.83551e-02   2.09583e-04  -8.61867e-01
   3  #sigma_{WT1}^{4}   4.92047e-02   3.46130e-04   6.80127e-05  -1.12343e+00
   4  mean_{WT}^{4}   5.27448e+00   2.06355e-04   1.11005e-04  -4.67930e-01
   5  n_{WT1}^{4}   1.52587e+01   1.36000e+00   2.05504e-03  -7.68413e-01
   6  n_{WT2}^{4}   1.83595e+01   1.97846e+00   3.08076e-03  -2.45621e+00
                               ERR DEF= 0.5
 EXTERNAL ERROR MATRIX.    NDIM=  25    NPAR=  6    ERR DEF=0.5
  1.523e-04  1.305e-04  3.406e-06 -1.497e-06 -1.349e-02  6.136e-03 
  1.305e-04  3.369e-04  4.987e-06 -1.779e-07 -5.876e-03  2.934e-02 
  3.406e-06  4.987e-06  1.198e-07 -2.817e-08 -1.751e-04  2.616e-04 
 -1.497e-06 -1.779e-07 -2.817e-08  4.258e-08  1.250e-04  4.833e-05 
 -1.349e-02 -5.876e-03 -1.751e-04  1.250e-04  1.850e+00 -2.202e-01 
  6.136e-03  2.934e-02  2.616e-04  4.833e-05 -2.202e-01  3.918e+00 
 PARAMETER  CORRELATION COEFFICIENTS  
       NO.  GLOBAL      1      2      3      4      5      6
        1  0.97375   1.000  0.576  0.797 -0.588 -0.804  0.251
        2  0.96621   0.576  1.000  0.785 -0.047 -0.235  0.808
        3  0.95566   0.797  0.785  1.000 -0.394 -0.372  0.382
        4  0.74653  -0.588 -0.047 -0.394  1.000  0.445  0.118
        5  0.92523  -0.804 -0.235 -0.372  0.445  1.000 -0.082
        6  0.91032   0.251  0.808  0.382  0.118 -0.082  1.000
Info in <TCanvas::Print>: pdf file fit_results_mass_checkOnMC/newbdt_puw/save_fit_mc_4_2018_WT_newSigmaFRT_Jpsi_asInANv8.pdf has been created
fit status:  0 3
doublecb_4  -----> plotting  
setting nWT to  230716.0
mistag fraction on MC for bin  4  :  0.12405319884 +/- 0.273428361302
constraining var #sigma_{RT1}^{4} :  0.0262869253659  with uncertainty  0.000100170952781
constraining var #alpha_{RT1}^{4} :  1.60749262398  with uncertainty  0.0135263397757
constraining var n_{RT1}^{4} :  3.50798477046  with uncertainty  0.0701138734453
constraining var #sigma_{WT1}^{4} :  0.0492047479105  with uncertainty  0.000346130355057
constraining var #alpha_{WT1}^{4} :  0.877835563007  with uncertainty  0.0123402707215
constraining var #alpha_{WT2}^{4} :  1.20470282  with uncertainty  0.0183551477474
constraining var n_{WT1}^{4} :  15.25871753  with uncertainty  1.35999578925
constraining var n_{WT2}^{4} :  18.3595245109  with uncertainty  1.978461317
constraining var #alpha_{RT2}^{4} :  -2.47307520829  with uncertainty  0.0238182898166
constraining var n_{RT2}^{4} :  3.36184377241  with uncertainty  0.175986129324
constraining var #sigma_{RT2}^{4} :  0.0466790262852  with uncertainty  0.000171023709074
constraining var f^{RT4} :  0.57550191783  with uncertainty  0.00519410082686
nsig is
1859815.0
here
total pdf created
Minuit2Minimizer: Minimize with max-calls 8500 convergence for edm < 1 strategy 2
Info in <Minuit2>: MnSeedGenerator Initial state: FCN =      -24774252.15 Edm =       2200126.256 NCalls =     71
Info in <Minuit2>: MnSeedGenerator Negative G2 found - new state: 
  Minimum value : -25383609.1
  Edm           : 1056891.57
  Internal parameters:
    -0.7457207858
      0.758241163
    -0.9691994303
    -0.8618671442
     -1.245093736
     -1.135255376
      -1.12343224
     -1.297193662
     0.1515836742
    -0.8509296023
    -0.2029580959
     -1.443056414
     -1.310801835
    -0.7684131539
    -0.6853871844
    -0.2633401252
    0.05002085681
  Internal gradient  :
      715095.5946
      138844123.5
        8.8149243
      7.055554757
     -178690.3323
     -205033.4866
      12.61282342
      1726550.433
     -76994.12479
      6.902019366
      413698.9988
      2064873.019
     -52348.64856
        5.8344961
      4.934870843
      56.46358127
      183847.7613
  Internal covariance matrix:
  6.0303291e-07              0              0              0              0              0              0              0              0              0              0              0              0              0              0              0              0
              0  2.3258643e-11              0              0              0              0              0              0              0              0              0              0              0              0              0              0              0
              0              0   3.803195e-05              0              0              0              0              0              0              0              0              0              0              0              0              0              0
              0              0              0   6.359372e-05              0              0              0              0              0              0              0              0              0              0              0              0              0
              0              0              0              0  1.5722155e-07              0              0              0              0              0              0              0              0              0              0              0              0
              0              0              0              0              0  2.2560663e-07              0              0              0              0              0              0              0              0              0              0              0
              0              0              0              0              0              0  5.1215949e-06              0              0              0              0              0              0              0              0              0              0
              0              0              0              0              0              0              0  2.3706482e-08              0              0              0              0              0              0              0              0              0
              0              0              0              0              0              0              0              0  9.2229348e-06              0              0              0              0              0              0              0              0
              0              0              0              0              0              0              0              0              0  1.3417508e-06              0              0              0              0              0              0              0
              0              0              0              0              0              0              0              0              0              0  2.5510398e-07              0              0              0              0              0              0
              0              0              0              0              0              0              0              0              0              0              0  3.6842918e-07              0              0              0              0              0
              0              0              0              0              0              0              0              0              0              0              0              0  2.5347876e-06              0              0              0              0
              0              0              0              0              0              0              0              0              0              0              0              0              0   0.0028676661              0              0              0
              0              0              0              0              0              0              0              0              0              0              0              0              0              0    0.005253498              0              0
              0              0              0              0              0              0              0              0              0              0              0              0              0              0              0  2.6890478e-05              0
              0              0              0              0              0              0              0              0              0              0              0              0              0              0              0              0  5.0576913e-05
Minuit2:0: RuntimeWarning: MnPosDef Matrix forced pos-def by adding to diagonal 7.02068
Info in <Minuit2>: MnSeedGenerator run Hesse - new state: 
  Minimum value : -25383609.1
  Edm           : 156726.3331
  Internal parameters:
    -0.7457207858
      0.758241163
    -0.9691994303
    -0.8618671442
     -1.245093736
     -1.135255376
      -1.12343224
     -1.297193662
     0.1515836742
    -0.8509296023
    -0.2029580959
     -1.443056414
     -1.310801835
    -0.7684131539
    -0.6853871844
    -0.2633401252
    0.05002085681
  Internal gradient  :
      715104.9754
      59592.14641
  0.0005678332433
      0.011289069
     -178683.7383
     -205021.2436
    0.02018264585
       1726555.34
     -76994.36584
  0.0004085333151
      413699.3092
      2064874.373
     -52316.74221
   0.009375943913
   0.000318610851
      57.00298148
      183961.7438
  Internal covariance matrix:
  2.2369411e-06 -3.8460658e-10 -1.1517758e-10 -1.4904895e-10  4.7691893e-07  2.4362086e-07 -4.1840371e-11  -2.948253e-07 -7.0081127e-06 -2.1238966e-11 -7.0319815e-08  5.5679774e-06  -4.055134e-07 -1.1025627e-09 -1.5172433e-09  3.5895346e-05 -7.5254215e-05
 -3.8460658e-10   3.026266e-12  9.0625605e-13  1.1727686e-12 -8.5980188e-11 -4.4133068e-11  3.2915373e-13   5.625151e-11  1.2577643e-09   1.670826e-13  1.6616925e-11 -9.9599854e-10  6.8707878e-11  8.6770462e-12  1.1936158e-11  -6.588492e-09  1.4054937e-08
 -1.1517758e-10  9.0625605e-13  4.7417388e-06  3.5120133e-13 -2.5748357e-11 -1.3216444e-11  9.8636282e-14   1.684554e-11  3.7666093e-10  5.0069309e-14  4.9762091e-12 -2.9827024e-10  2.0575867e-11  2.5968782e-12  3.5765817e-12 -1.9730454e-09  4.2090085e-09
 -1.4904895e-10  1.1727686e-12  3.5120133e-13  7.9287233e-06 -3.3320422e-11 -1.7103131e-11  1.2764326e-13  2.1799469e-11   4.874292e-10  6.4705314e-14  6.4396119e-12 -3.8598541e-10  2.6626685e-11  3.3605719e-12  4.6228531e-12 -2.5532777e-09   5.446792e-09
  4.7691893e-07 -8.5980188e-11 -2.5748357e-11 -3.3320422e-11  1.2531471e-07  5.2383042e-08 -9.3535553e-12 -6.5024539e-08 -1.5328141e-06 -4.7480395e-12 -1.5503487e-08  1.2344318e-06 -9.0074907e-08 -2.4648212e-10 -3.3918471e-10  7.9143775e-06 -1.6596601e-05
  2.4362086e-07 -4.4133068e-11 -1.3216444e-11 -1.7103131e-11  5.2383042e-08  5.5486445e-08 -4.8011032e-12  -3.285921e-08 -7.7704555e-07 -2.4371297e-12 -7.6883358e-09  6.2533323e-07  -4.390178e-08 -1.2651803e-10  -1.741008e-10  3.9969237e-06  -8.402065e-06
 -4.1840371e-11  3.2915373e-13  9.8636282e-14  1.2764326e-13 -9.3535553e-12 -4.8011032e-12  6.3854904e-07  6.1193758e-12   1.368288e-10  1.8172845e-14  1.8076187e-12  -1.083522e-10  7.4746562e-12  9.4376441e-13  1.2982438e-12 -7.1674119e-10  1.5289869e-09
  -2.948253e-07   5.625151e-11   1.684554e-11  2.1799469e-11 -6.5024539e-08  -3.285921e-08  6.1193758e-12  4.3146924e-08   9.554468e-07  3.1063075e-12  9.4252191e-09 -7.6121976e-07   5.509389e-08  1.6125978e-10    2.21905e-10 -4.8970309e-06  1.0262782e-05
 -7.0081127e-06  1.2577643e-09  3.7666093e-10   4.874292e-10 -1.5328141e-06 -7.7704555e-07   1.368288e-10   9.554468e-07  2.3855353e-05  6.9456862e-11  2.2640894e-07 -1.8078891e-05   1.300096e-06  3.6056734e-09  4.9617755e-09 -0.00011630909  0.00024396109
 -2.1238966e-11   1.670826e-13  5.0069309e-14  6.4705314e-14 -4.7480395e-12 -2.4371297e-12  1.8172845e-14  3.1063075e-12  6.9456862e-11   1.672865e-07  9.1757836e-13 -5.5001607e-11  3.7942605e-12  4.7906677e-13  6.5900501e-13 -3.6383115e-10  7.7614202e-10
 -7.0319815e-08  1.6616925e-11  4.9762091e-12  6.4396119e-12 -1.5503487e-08 -7.6883358e-09  1.8076187e-12  9.4252191e-09  2.2640894e-07  9.1757836e-13  3.4122176e-08 -1.7943131e-07  1.3345429e-08  4.7638449e-11  6.5549294e-11  -1.146189e-06   2.397941e-06
  5.5679774e-06 -9.9599854e-10 -2.9827024e-10 -3.8598541e-10  1.2344318e-06  6.2533323e-07  -1.083522e-10 -7.6121976e-07 -1.8078891e-05 -5.5001607e-11 -1.7943131e-07  1.4442959e-05 -1.0478231e-06 -2.8552563e-09 -3.9291376e-09  9.2662943e-05 -0.00019427635
  -4.055134e-07  6.8707878e-11  2.0575867e-11  2.6626685e-11 -9.0074907e-08  -4.390178e-08  7.4746562e-12   5.509389e-08   1.300096e-06  3.7942605e-12  1.3345429e-08 -1.0478231e-06  3.9275175e-07  1.9696446e-10  2.7104944e-10 -6.7161797e-06  1.4141929e-05
 -1.1025627e-09  8.6770462e-12  2.5968782e-12  3.3605719e-12 -2.4648212e-10 -1.2651803e-10  9.4376441e-13  1.6125978e-10  3.6056734e-09  4.7906677e-13  4.7638449e-11 -2.8552563e-09  1.9696446e-10  0.00035753423  3.4223891e-11 -1.8887516e-08  4.0292021e-08
 -1.5172433e-09  1.1936158e-11  3.5765817e-12  4.6228531e-12 -3.3918471e-10  -1.741008e-10  1.2982438e-12    2.21905e-10  4.9617755e-09  6.5900501e-13  6.5549294e-11 -3.9291376e-09  2.7104944e-10  3.4223891e-11  0.00065499444 -2.5990946e-08  5.5445155e-08
  3.5895346e-05  -6.588492e-09 -1.9730454e-09 -2.5532777e-09  7.9143775e-06  3.9969237e-06 -7.1674119e-10 -4.8970309e-06 -0.00011630909 -3.6383115e-10  -1.146189e-06  9.2662943e-05 -6.7161797e-06 -1.8887516e-08 -2.5990946e-08  0.00059894163  -0.0012495563
 -7.5254215e-05  1.4054937e-08  4.2090085e-09   5.446792e-09 -1.6596601e-05  -8.402065e-06  1.5289869e-09  1.0262782e-05  0.00024396109  7.7614202e-10   2.397941e-06 -0.00019427635  1.4141929e-05  4.0292021e-08  5.5445155e-08  -0.0012495563   0.0026227835
Info in <Minuit2>: VariableMetricBuilder Start iterating until Edm is < 0.001 with call limit = 8500
Info in <Minuit2>: VariableMetricBuilder    0 - FCN =       -25383609.1 Edm =       156726.3331 NCalls =    496
Minuit2:0: RuntimeWarning: DavidonErrorUpdator delgam < 0 : first derivatives increasing along search line
Info in <Minuit2>: VariableMetricBuilder    1 - FCN =       -25440386.5 Edm =       1531129.096 NCalls =    546
Info in <Minuit2>: VariableMetricBuilder    2 - FCN =      -25456225.22 Edm =       7169.460748 NCalls =    600
Info in <Minuit2>: VariableMetricBuilder    3 - FCN =      -25461055.98 Edm =       21238.07167 NCalls =    648
Info in <Minuit2>: VariableMetricBuilder    4 - FCN =      -25461576.52 Edm =       10175.98969 NCalls =    694
Info in <Minuit2>: VariableMetricBuilder    5 - FCN =       -25501623.8 Edm =        1408088176 NCalls =    757
Info in <Minuit2>: VariableMetricBuilder    6 - FCN =      -25501752.72 Edm =       1607.183915 NCalls =    809
Info in <Minuit2>: VariableMetricBuilder    7 - FCN =      -25504851.52 Edm =       844.3974926 NCalls =    861
Info in <Minuit2>: VariableMetricBuilder    8 - FCN =      -25505539.04 Edm =       440.5064716 NCalls =    912
Info in <Minuit2>: VariableMetricBuilder    9 - FCN =      -25506443.67 Edm =       2954.413081 NCalls =    963
Info in <Minuit2>: VariableMetricBuilder   10 - FCN =      -25506448.15 Edm =       74.63639509 NCalls =   1010
Info in <Minuit2>: VariableMetricBuilder   11 - FCN =       -25507014.4 Edm =       32.82792871 NCalls =   1059
Info in <Minuit2>: VariableMetricBuilder   12 - FCN =      -25507014.54 Edm =       9.328036139 NCalls =   1104
Info in <Minuit2>: VariableMetricBuilder   13 - FCN =      -25507030.92 Edm =       1.941694142 NCalls =   1151
Minuit2:0: RuntimeWarning: VariableMetricBuilder No improvement in line search
Info in <Minuit2>: VariableMetricBuilder   14 - FCN =      -25507030.92 Edm =       1.941694142 NCalls =   1158
Minuit2:0: RuntimeWarning: VariableMetricBuilder Iterations finish without convergence; Edm 2.35192 Requested 0.001
Minuit2:0: RuntimeWarning: MnPosDef non-positive diagonal element in covariance matrix[ 11 ] = -36914.4
Minuit2:0: RuntimeWarning: MnPosDef Added to diagonal of Error matrix a value 36914.9
Minuit2:0: RuntimeWarning: MnPosDef Matrix forced pos-def by adding to diagonal 791.261
Info in <Minuit2>: VariableMetricBuilder After Hessian
Info in <Minuit2>: VariableMetricBuilder   15 - FCN =      -25507030.92 Edm =       515030737.6 NCalls =   1377
Info in <Minuit2>: VariableMetricBuilder Tolerance not sufficient, continue minimization; Edm 5.15031e+08 Required 0.001
Minuit2:0: RuntimeWarning: VariableMetricBuilder No improvement in line search
Info in <Minuit2>: VariableMetricBuilder   16 - FCN =      -25507030.92 Edm =       515030737.6 NCalls =   1388
Minuit2:0: RuntimeWarning: VariableMetricBuilder Iterations finish without convergence; Edm 2.06012e+09 Requested 0.001
Minuit2:0: RuntimeWarning: VariableMetricBuilder FunctionMinimum is invalid after second try
Minuit2:0: RuntimeWarning: Minuit2Minimizer::Minimize Minimization did NOT converge, Edm is above max
Minuit2Minimizer : Invalid Minimum - status = 3
FVAL  = -2.5507e+07
Edm   = 5.15031e+08
Nfcn  = 1377
Info in <Minuit2>: Minuit2Minimizer::Hesse Using max-calls 8500
Info in <Minuit2>: Minuit2Minimizer::Hesse Hesse is valid - matrix is accurate
fit with Hesse strategy 2 done, now Minos
Minuit2Minimizer: Minimize with max-calls 8500 convergence for edm < 1 strategy 2
Info in <Minuit2>: MnSeedGenerator Initial state: FCN =      -25507030.92 Edm =      -6225.462046 NCalls =     75
Info in <Minuit2>: MnSeedGenerator Negative G2 found - new state: 
  Minimum value : -25508096.63
  Edm           : 1806.509876
  Internal parameters:
    -0.7372996669
     0.7581637801
    -0.9693845238
    -0.8621134416
     -1.238009655
     -1.107047193
     -1.123467484
     -1.331594211
    0.05918251886
    -0.8509346647
    -0.2516878343
     -1.406817328
     -1.252304732
    -0.7780202739
     -0.700420701
      1.427973847
    -0.7137737129
  Internal gradient  :
     -7254.254341
      136252.2403
    -0.8647700971
    -0.6463855461
      60296.72986
      99732.92117
      -1.08447019
     -275921.2549
     -8370.396156
    -0.6098740953
     -38506.79001
      43.13785116
     -6207.313398
    -0.5657635703
    -0.4390508837
     -1057.324051
      568.8368131
  Internal covariance matrix:
  2.5300272e-06              0              0              0              0              0              0              0              0              0              0              0              0              0              0              0              0
              0  3.8384431e-08              0              0              0              0              0              0              0              0              0              0              0              0              0              0              0
              0              0  3.8062722e-05              0              0              0              0              0              0              0              0              0              0              0              0              0              0
              0              0              0  6.3648544e-05              0              0              0              0              0              0              0              0              0              0              0              0              0
              0              0              0              0  1.3831015e-07              0              0              0              0              0              0              0              0              0              0              0              0
              0              0              0              0              0  2.3163015e-07              0              0              0              0              0              0              0              0              0              0              0
              0              0              0              0              0              0  5.1227231e-06              0              0              0              0              0              0              0              0              0              0
              0              0              0              0              0              0              0  2.1818449e-08              0              0              0              0              0              0              0              0              0
              0              0              0              0              0              0              0              0  1.2406423e-05              0              0              0              0              0              0              0              0
              0              0              0              0              0              0              0              0              0   1.341774e-06              0              0              0              0              0              0              0
              0              0              0              0              0              0              0              0              0              0  2.8769026e-07              0              0              0              0              0              0
              0              0              0              0              0              0              0              0              0              0              0   1.058306e-06              0              0              0              0              0
              0              0              0              0              0              0              0              0              0              0              0              0   8.884149e-06              0              0              0              0
              0              0              0              0              0              0              0              0              0              0              0              0              0   0.0029496974              0              0              0
              0              0              0              0              0              0              0              0              0              0              0              0              0              0   0.0054553872              0              0
              0              0              0              0              0              0              0              0              0              0              0              0              0              0              0  0.00024110508              0
              0              0              0              0              0              0              0              0              0              0              0              0              0              0              0              0  1.4642842e-05
Minuit2:0: RuntimeWarning: MnPosDef Matrix forced pos-def by adding to diagonal 0.623874
Info in <Minuit2>: MnSeedGenerator run Hesse - new state: 
  Minimum value : -25508096.63
  Edm           : 179443.8084
  Internal parameters:
    -0.7372996669
     0.7581637801
    -0.9693845238
    -0.8621134416
     -1.238009655
     -1.107047193
     -1.123467484
     -1.331594211
    0.05918251886
    -0.8509346647
    -0.2516878343
     -1.406817328
     -1.252304732
    -0.7780202739
     -0.700420701
      1.427973847
    -0.7137737129
  Internal gradient  :
     -7238.261707
      17530.56813
     -9.715015621
     -7.731255286
      60309.05495
      99746.61417
     -13.74101193
     -275914.5228
     -8371.532417
     -7.534771749
     -38508.07174
      140.1061473
     -6175.052801
     -6.608575024
     -5.638644394
      -1052.84863
      558.3209647
  Internal covariance matrix:
  5.4046563e-06  3.7398422e-06  3.7946842e-06  4.9073996e-06  1.8607688e-06  7.0017703e-06   1.393748e-06 -1.5516244e-06  -1.360012e-06  7.1380824e-07 -3.5893268e-06  7.6459694e-06 -6.0877517e-06  3.3060485e-05  4.4928805e-05 -4.1688455e-05  -1.313592e-06
  3.7398422e-06  4.4934091e-06  4.5593015e-06  5.8962257e-06  2.1874494e-06   8.265151e-06   1.674584e-06 -1.8494325e-06 -1.4774521e-06  8.5763843e-07 -4.1846247e-06  9.8944511e-06 -7.5043272e-06  3.9722072e-05  5.3981823e-05 -5.0957268e-05 -1.8763687e-06
  3.7946842e-06  4.5593015e-06  2.8065612e-05  5.9826894e-06  2.2195267e-06  8.3863531e-06  1.6991405e-06 -1.8765531e-06 -1.4991178e-06  8.7021505e-07  -4.245989e-06  1.0039546e-05 -7.6143725e-06  4.0304566e-05  5.4773425e-05 -5.1704518e-05 -1.9038843e-06
  4.9073996e-06  5.8962257e-06  5.9826894e-06  4.6932482e-05  2.8703586e-06  1.0845484e-05  2.1973796e-06 -2.4268148e-06 -1.9387042e-06  1.1253882e-06 -5.4910406e-06  1.2983442e-05 -9.8471353e-06  5.2123076e-05  7.0834639e-05 -6.6865836e-05 -2.4621604e-06
  1.8607688e-06  2.1874494e-06  2.2195267e-06  2.8703586e-06  1.1678918e-06  4.0236632e-06  8.1520905e-07  -9.003442e-07 -3.5756474e-07  4.1750943e-07 -2.0454579e-06  4.8329526e-06 -3.7022496e-06  1.9337216e-05  2.6279046e-05 -2.4817786e-05 -9.0152641e-07
  7.0017703e-06   8.265151e-06  8.3863531e-06  1.0845484e-05  4.0236632e-06  1.5418634e-05  3.0802202e-06 -3.4001099e-06 -2.1597045e-06  1.5775352e-06 -7.7065398e-06  1.8282624e-05 -1.3726565e-05  7.3064553e-05  9.9293856e-05  -9.371411e-05 -3.7297486e-06
   1.393748e-06   1.674584e-06  1.6991405e-06  2.1973796e-06  8.1520905e-07  3.0802202e-06   3.778707e-06 -6.8923842e-07 -5.5061038e-07  3.1962093e-07 -1.5595076e-06  3.6874207e-06 -2.7966798e-06  1.4803448e-05  2.0117709e-05 -1.8990531e-05 -6.9927688e-07
 -1.5516244e-06 -1.8494325e-06 -1.8765531e-06 -2.4268148e-06  -9.003442e-07 -3.4001099e-06 -6.8923842e-07  7.7674108e-07    6.12958e-07 -3.5299355e-07  1.7234884e-06  -4.098092e-06  3.0589947e-06 -1.6349122e-05 -2.2218262e-05  2.0868501e-05  6.6187675e-07
  -1.360012e-06 -1.4774521e-06 -1.4991178e-06 -1.9387042e-06 -3.5756474e-07 -2.1597045e-06 -5.5061038e-07    6.12958e-07  1.1634188e-05 -2.8199518e-07  1.4964314e-06 -3.1044254e-06  2.0146599e-06 -1.3060787e-05 -1.7749454e-05  1.5870426e-05   1.525115e-06
