
[1mRooFit v3.60 -- Developed by Wouter Verkerke and David Kirkby[0m 
                Copyright (C) 2000-2013 NIKHEF, University of California & Stanford University
                All rights reserved, please read http://roofit.sourceforge.net/license.txt

Error in <TUnixSystem::FindDynamicLibrary>: ../utils/func_roofit/libRooGaussDoubleSidedExp[.so | .dll | .dylib | .sl | .dl | .a] does not exist in /cvmfs/sw.el7/gcc63/root/6.24.06/b01/lib64:/cvmfs/sw.el7/gcc63/root/6.24.06/b01/lib:/cvmfs/sw.el7/gcc63/pythia/8.2.40/b02/lib:/cvmfs/sw.el7/gcc/6.3/lib64:/cvmfs/sw.el7/gcc/6.3/lib:/cvmfs/sw.el7/gcc/6.3/libexec/gcc/x86_64-unknown-linux-gnu/6.3.1:.:/cvmfs/sw.el7/gcc63/root/6.24.06/b01/lib:/lib64/tls/x86_64:/lib64/tls:/lib64/x86_64:/lib64:/usr/lib64/tls/x86_64:/usr/lib64/tls:/usr/lib64/x86_64:/usr/lib64:/cvmfs/sw.el7/gcc63/root/6.24.06/b01/python/lib:/cvmfs/sw.el7/gcc63/root/6.24.06
start function declaration
mc file name: /lstore/cms/boletti/Run2-BdToKstarMuMu/2018MC_LMNR_newphi_punzi_removeTkMu_fixBkg_B0Psicut_addxcutvariable.root
data file name: /lstore/cms/boletti/Run2-BdToKstarMuMu/2018data_newphi_punzi_removeTkMu_fixBkg_B0Psicut_addxcutvariable.root
reading data...
[#0] ERROR:InputArguments -- Didn't find a branch in Tree 'ntuple' to read variable 'weight' from.
	Note: Name the RooFit variable the same as the branch.
it worked :)
reading monte carlo...
dimuon selection:  rejectPsi
now fitting:  0  for  correctTag  
fitting the mc...
 **********
 **    1 **SET PRINT           1
 **********
 **********
 **    2 **SET NOGRAD
 **********
 PARAMETER DEFINITIONS:
    NO.   NAME         VALUE      STEP SIZE      LIMITS
     1 #alpha_{RT1}^{0}   5.00000e-01  2.50000e-01    0.00000e+00  1.00000e+01
     2 #alpha_{RT2}^{0}   2.50000e+00  1.00000e+00    0.00000e+00  1.00000e+01
     3 #sigma_{RT1}^{0}   3.00000e-02  1.50000e-02    0.00000e+00  1.00000e+00
     4 mean_{RT}^{0}   5.27958e+00  3.97900e-02    5.20000e+00  5.80000e+00
     5 n_{RT1}^{0}   1.00000e+00  4.95000e-01    1.00000e-02  2.00000e+01
     6 n_{RT2}^{0}   1.00000e+00  4.95000e-01    1.00000e-02  1.00000e+02
 **********
 **    3 **SET ERR         0.5
 **********
 **********
 **    4 **SET PRINT           1
 **********
 **********
 **    5 **SET STR           1
 **********
 NOW USING STRATEGY  1: TRY TO BALANCE SPEED AGAINST RELIABILITY
 **********
 **    6 **MIGRAD        3000           1
 **********
 FIRST CALL TO USER FUNCTION AT NEW START POINT, WITH IFLAG=4.
 START MIGRAD MINIMIZATION.  STRATEGY  1.  CONVERGENCE WHEN EDM .LT. 1.00e-03
 FCN=-124212 FROM MIGRAD    STATUS=INITIATE       24 CALLS          25 TOTAL
                     EDM= unknown      STRATEGY= 1      NO ERROR MATRIX       
  EXT PARAMETER               CURRENT GUESS       STEP         FIRST   
  NO.   NAME      VALUE            ERROR          SIZE      DERIVATIVE 
   1  #alpha_{RT1}^{0}   5.00000e-01   2.50000e-01   1.18625e-01  -1.08727e+05
   2  #alpha_{RT2}^{0}   2.50000e+00   1.00000e+00   2.35352e-01   1.75364e+04
   3  #sigma_{RT1}^{0}   3.00000e-02   1.50000e-02   9.09734e-02  -5.19606e+04
   4  mean_{RT}^{0}   5.27958e+00   3.97900e-02   2.01879e-01  -1.33366e+05
   5  n_{RT1}^{0}   1.00000e+00   4.95000e-01   1.18032e-01  -6.62305e+04
   6  n_{RT2}^{0}   1.00000e+00   4.95000e-01   5.17524e-02   9.35757e+03
                               ERR DEF= 0.5
 MIGRAD MINIMIZATION HAS CONVERGED.
 MIGRAD WILL VERIFY CONVERGENCE AND ERROR MATRIX.
 COVARIANCE MATRIX CALCULATED SUCCESSFULLY
 FCN=-154112 FROM MIGRAD    STATUS=CONVERGED     365 CALLS         366 TOTAL
                     EDM=2.0788e-05    STRATEGY= 1      ERROR MATRIX ACCURATE 
  EXT PARAMETER                                   STEP         FIRST   
  NO.   NAME      VALUE            ERROR          SIZE      DERIVATIVE 
   1  #alpha_{RT1}^{0}   1.21719e+00   2.31419e-02   5.24559e-04   6.12732e-01
   2  #alpha_{RT2}^{0}   1.28520e+00   2.38346e-02   6.25603e-04   2.54133e-01
   3  #sigma_{RT1}^{0}   3.07733e-02   2.55040e-04   1.64293e-04  -2.46723e+00
   4  mean_{RT}^{0}   5.27969e+00   1.66388e-04   1.71375e-04   8.07611e-01
   5  n_{RT1}^{0}   3.94134e+00   1.77760e-01   2.29172e-03   2.03562e-01
   6  n_{RT2}^{0}   9.23784e+00   7.13357e-01   3.09967e-03   1.79271e-01
                               ERR DEF= 0.5
 EXTERNAL ERROR MATRIX.    NDIM=  25    NPAR=  6    ERR DEF=0.5
  5.356e-04  2.601e-04  4.333e-06 -1.708e-06 -3.620e-03 -2.982e-03 
  2.601e-04  5.681e-04  4.316e-06  5.209e-07 -1.145e-03 -1.362e-02 
  4.333e-06  4.316e-06  6.505e-08 -8.894e-09 -2.075e-05 -5.646e-05 
 -1.708e-06  5.209e-07 -8.894e-09  2.768e-08  1.111e-05 -2.157e-05 
 -3.620e-03 -1.145e-03 -2.075e-05  1.111e-05  3.160e-02  1.156e-02 
 -2.982e-03 -1.362e-02 -5.646e-05 -2.157e-05  1.156e-02  5.090e-01 
 PARAMETER  CORRELATION COEFFICIENTS  
       NO.  GLOBAL      1      2      3      4      5      6
        1  0.96191   1.000  0.472  0.734 -0.443 -0.880 -0.181
        2  0.94604   0.472  1.000  0.710  0.131 -0.270 -0.801
        3  0.91190   0.734  0.710  1.000 -0.210 -0.458 -0.310
        4  0.63355  -0.443  0.131 -0.210  1.000  0.376 -0.182
        5  0.92577  -0.880 -0.270 -0.458  0.376  1.000  0.091
        6  0.88602  -0.181 -0.801 -0.310 -0.182  0.091  1.000
 **********
 **    7 **SET ERR         0.5
 **********
 **********
 **    8 **SET PRINT           1
 **********
 **********
 **    9 **HESSE        3000
 **********
 COVARIANCE MATRIX CALCULATED SUCCESSFULLY
 FCN=-154112 FROM HESSE     STATUS=OK             40 CALLS         406 TOTAL
                     EDM=2.22163e-05    STRATEGY= 1      ERROR MATRIX ACCURATE 
  EXT PARAMETER                                INTERNAL      INTERNAL  
  NO.   NAME      VALUE            ERROR       STEP SIZE       VALUE   
   1  #alpha_{RT1}^{0}   1.21719e+00   2.37967e-02   2.09823e-05  -8.58040e-01
   2  #alpha_{RT2}^{0}   1.28520e+00   2.47210e-02   2.50241e-05  -8.37483e-01
   3  #sigma_{RT1}^{0}   3.07733e-02   2.59976e-04   6.57170e-06  -1.21812e+00
   4  mean_{RT}^{0}   5.27969e+00   1.67354e-04   6.85500e-06  -8.24713e-01
   5  n_{RT1}^{0}   3.94134e+00   1.82289e-01   9.16688e-05  -6.51864e-01
   6  n_{RT2}^{0}   9.23784e+00   7.38945e-01   1.23987e-04  -9.53463e-01
                               ERR DEF= 0.5
 EXTERNAL ERROR MATRIX.    NDIM=  25    NPAR=  6    ERR DEF=0.5
  5.663e-04  2.830e-04  4.589e-06 -1.776e-06 -3.841e-03 -3.464e-03 
  2.830e-04  6.111e-04  4.602e-06  5.364e-07 -1.277e-03 -1.486e-02 
  4.589e-06  4.602e-06  6.759e-08 -9.237e-09 -2.245e-05 -6.364e-05 
 -1.776e-06  5.364e-07 -9.237e-09  2.801e-08  1.168e-05 -2.279e-05 
 -3.841e-03 -1.277e-03 -2.245e-05  1.168e-05  3.324e-02  1.399e-02 
 -3.464e-03 -1.486e-02 -6.364e-05 -2.279e-05  1.399e-02  5.462e-01 
 PARAMETER  CORRELATION COEFFICIENTS  
       NO.  GLOBAL      1      2      3      4      5      6
        1  0.96402   1.000  0.481  0.742 -0.446 -0.885 -0.197
        2  0.94994   0.481  1.000  0.716  0.130 -0.283 -0.813
        3  0.91537   0.742  0.716  1.000 -0.212 -0.474 -0.331
        4  0.63898  -0.446  0.130 -0.212  1.000  0.383 -0.184
        5  0.92955  -0.885 -0.283 -0.474  0.383  1.000  0.104
        6  0.89423  -0.197 -0.813 -0.331 -0.184  0.104  1.000
fit status:  0 3
doublecb_RT0  -----> plotting  
Info in <TCanvas::MakeDefCanvas>:  created default TCanvas with name c1
setting nRT to  92305.0
Info in <TCanvas::Print>: pdf file fit_results_mass_checkOnMC/newbdt_puw/save_fit_mc_0_2018_RT_newSigmaFRT_asInANv8.pdf has been created
now fitting:  0  for   wrongTag
fitting the mc...
 **********
 **   10 **SET PRINT           1
 **********
 **********
 **   11 **SET NOGRAD
 **********
 PARAMETER DEFINITIONS:
    NO.   NAME         VALUE      STEP SIZE      LIMITS
     1 #alpha_{WT1}^{0}   5.00000e-01  2.50000e-01    0.00000e+00  1.00000e+01
     2 #alpha_{WT2}^{0}   2.50000e+00  1.00000e+00    0.00000e+00  1.00000e+01
     3 #sigma_{WT1}^{0}   3.00000e-02  1.50000e-02    0.00000e+00  1.00000e+00
     4 mean_{WT}^{0}   5.27958e+00  1.00000e-01    5.00000e+00  6.00000e+00
     5 n_{WT1}^{0}   1.00000e+00  4.95000e-01    1.00000e-02  1.00000e+02
     6 n_{WT2}^{0}   1.00000e+00  4.95000e-01    1.00000e-02  1.00000e+02
 **********
 **   12 **SET ERR         0.5
 **********
 **********
 **   13 **SET PRINT           1
 **********
 **********
 **   14 **SET STR           1
 **********
 NOW USING STRATEGY  1: TRY TO BALANCE SPEED AGAINST RELIABILITY
 **********
 **   15 **MIGRAD        3000           1
 **********
 FIRST CALL TO USER FUNCTION AT NEW START POINT, WITH IFLAG=4.
 START MIGRAD MINIMIZATION.  STRATEGY  1.  CONVERGENCE WHEN EDM .LT. 1.00e-03
 FCN=-11057.2 FROM MIGRAD    STATUS=INITIATE       24 CALLS          25 TOTAL
                     EDM= unknown      STRATEGY= 1      NO ERROR MATRIX       
  EXT PARAMETER               CURRENT GUESS       STEP         FIRST   
  NO.   NAME      VALUE            ERROR          SIZE      DERIVATIVE 
   1  #alpha_{WT1}^{0}   5.00000e-01   2.50000e-01   1.18625e-01  -9.36579e+03
   2  #alpha_{WT2}^{0}   2.50000e+00   1.00000e+00   2.35352e-01   6.52576e+03
   3  #sigma_{WT1}^{0}   3.00000e-02   1.50000e-02   9.09734e-02  -1.70775e+04
   4  mean_{WT}^{0}   5.27958e+00   1.00000e-01   2.26180e-01  -2.90662e+04
   5  n_{WT1}^{0}   1.00000e+00   4.95000e-01   5.17524e-02  -1.87040e+04
   6  n_{WT2}^{0}   1.00000e+00   4.95000e-01   5.17524e-02   4.96395e+03
                               ERR DEF= 0.5
 MIGRAD MINIMIZATION HAS CONVERGED.
 MIGRAD WILL VERIFY CONVERGENCE AND ERROR MATRIX.
 COVARIANCE MATRIX CALCULATED SUCCESSFULLY
 FCN=-13820.2 FROM MIGRAD    STATUS=CONVERGED     415 CALLS         416 TOTAL
                     EDM=1.65394e-05    STRATEGY= 1      ERROR MATRIX ACCURATE 
  EXT PARAMETER                                   STEP         FIRST   
  NO.   NAME      VALUE            ERROR          SIZE      DERIVATIVE 
   1  #alpha_{WT1}^{0}   7.06155e-01   4.53584e-02   2.94481e-04  -1.23000e-01
   2  #alpha_{WT2}^{0}   1.17298e+00   7.71351e-02   4.82197e-04  -4.07470e-01
   3  #sigma_{WT1}^{0}   4.61227e-02   1.73096e-03   1.72571e-04   9.70511e-01
   4  mean_{WT}^{0}   5.27008e+00   1.03733e-03   1.11747e-04   8.83280e-01
   5  n_{WT1}^{0}   1.07172e+01   3.07038e+00   2.92323e-03   1.13092e-02
   6  n_{WT2}^{0}   1.00085e+01   2.43729e+00   2.89485e-03  -7.17164e-02
                               ERR DEF= 0.5
 EXTERNAL ERROR MATRIX.    NDIM=  25    NPAR=  6    ERR DEF=0.5
  2.058e-03  2.216e-03  6.443e-05 -3.298e-05 -1.077e-01 -2.852e-02 
  2.216e-03  5.951e-03  1.093e-04 -1.952e-05 -5.497e-02 -1.452e-01 
  6.443e-05  1.093e-04  2.996e-06 -1.011e-06 -1.825e-03 -1.569e-03 
 -3.298e-05 -1.952e-05 -1.011e-06  1.076e-06  1.527e-03 -7.537e-05 
 -1.077e-01 -5.497e-02 -1.825e-03  1.527e-03  9.458e+00  5.126e-01 
 -2.852e-02 -1.452e-01 -1.569e-03 -7.537e-05  5.126e-01  5.954e+00 
 PARAMETER  CORRELATION COEFFICIENTS  
       NO.  GLOBAL      1      2      3      4      5      6
        1  0.97885   1.000  0.633  0.821 -0.701 -0.772 -0.258
        2  0.96876   0.633  1.000  0.819 -0.244 -0.232 -0.772
        3  0.96630   0.821  0.819  1.000 -0.563 -0.343 -0.372
        4  0.80826  -0.701 -0.244 -0.563  1.000  0.479 -0.030
        5  0.93073  -0.772 -0.232 -0.343  0.479  1.000  0.068
        6  0.90119  -0.258 -0.772 -0.372 -0.030  0.068  1.000
 **********
 **   16 **SET ERR         0.5
 **********
 **********
 **   17 **SET PRINT           1
 **********
 **********
 **   18 **HESSE        3000
 **********
 COVARIANCE MATRIX CALCULATED SUCCESSFULLY
 FCN=-13820.2 FROM HESSE     STATUS=OK             40 CALLS         456 TOTAL
                     EDM=1.70098e-05    STRATEGY= 1      ERROR MATRIX ACCURATE 
  EXT PARAMETER                                INTERNAL      INTERNAL  
  NO.   NAME      VALUE            ERROR       STEP SIZE       VALUE   
   1  #alpha_{WT1}^{0}   7.06155e-01   4.65894e-02   5.88962e-05  -1.03286e+00
   2  #alpha_{WT2}^{0}   1.17298e+00   7.99454e-02   9.64395e-05  -8.71670e-01
   3  #sigma_{WT1}^{0}   4.61227e-02   1.76520e-03   3.45142e-05  -1.13790e+00
   4  mean_{WT}^{0}   5.27008e+00   1.04578e-03   2.23493e-05  -4.77805e-01
   5  n_{WT1}^{0}   1.07172e+01   3.15825e+00   1.16929e-04  -9.04044e-01
   6  n_{WT2}^{0}   1.00085e+01   2.52430e+00   1.15794e-04  -9.27313e-01
                               ERR DEF= 0.5
 EXTERNAL ERROR MATRIX.    NDIM=  25    NPAR=  6    ERR DEF=0.5
  2.171e-03  2.371e-03  6.757e-05 -3.428e-05 -1.148e-01 -3.236e-02 
  2.371e-03  6.393e-03  1.162e-04 -2.058e-05 -6.034e-02 -1.587e-01 
  6.757e-05  1.162e-04  3.116e-06 -1.041e-06 -1.964e-03 -1.759e-03 
 -3.428e-05 -2.058e-05 -1.041e-06  1.094e-06  1.620e-03 -5.932e-05 
 -1.148e-01 -6.034e-02 -1.964e-03  1.620e-03  1.001e+01  6.100e-01 
 -3.236e-02 -1.587e-01 -1.759e-03 -5.932e-05  6.100e-01  6.387e+00 
 PARAMETER  CORRELATION COEFFICIENTS  
       NO.  GLOBAL      1      2      3      4      5      6
        1  0.97997   1.000  0.636  0.822 -0.704 -0.779 -0.275
        2  0.97096   0.636  1.000  0.823 -0.246 -0.239 -0.786
        3  0.96762   0.822  0.823  1.000 -0.564 -0.352 -0.394
        4  0.81171  -0.704 -0.246 -0.564  1.000  0.490 -0.022
        5  0.93467  -0.779 -0.239 -0.352  0.490  1.000  0.076
        6  0.90823  -0.275 -0.786 -0.394 -0.022  0.076  1.000
Info in <TCanvas::Print>: pdf file fit_results_mass_checkOnMC/newbdt_puw/save_fit_mc_0_2018_WT_newSigmaFRT_asInANv8.pdf has been created
fit status:  0 3
doublecb_0  -----> plotting  
setting nWT to  12519.0
mistag fraction on MC for bin  0  :  0.119428756773 +/- 0.269152750946
ibin
0
alpha values, first rt1
RooRealVar::#alpha_{RT1}^{0} = 1.21719 +/- 0.0237967  L(0 - 10) 

next rt2
RooRealVar::#alpha_{RT2}^{0} = 1.2852 +/- 0.024721  L(0 - 10) 

next nrt2
9.23784195444
next nrt1
3.94134467547
alpha values, first rt1
1.2171880137
next rt2
1.28519618597
it passed the debug
constraining var #sigma_{RT1}^{0} :  0.030773349227  with uncertainty  0.000259976487711
constraining var #alpha_{RT1}^{0} :  1.2171880137  with uncertainty  0.0237966892595
constraining var #alpha_{RT2}^{0} :  1.28519618597  with uncertainty  0.0247209608824
constraining var n_{RT1}^{0} :  3.94134467547  with uncertainty  0.182289418197
constraining var n_{RT2}^{0} :  9.23784195444  with uncertainty  0.738944935229
constraining var #sigma_{WT1}^{0} :  0.0461226616583  with uncertainty  0.00176519765775
constraining var #alpha_{WT1}^{0} :  0.706155420291  with uncertainty  0.0465894428934
constraining var #alpha_{WT2}^{0} :  1.17297608777  with uncertainty  0.079945364585
constraining var n_{WT1}^{0} :  10.717229319  with uncertainty  3.15825085853
constraining var n_{WT2}^{0} :  10.0084523707  with uncertainty  2.52429661864
104824.0
here 0
here 1
total pdf created
Minuit2Minimizer: Minimize with max-calls 7500 convergence for edm < 1 strategy 2
Info in <Minuit2>: MnSeedGenerator Initial state: FCN =       105209.9637 Edm =       118268.9183 NCalls =     47
Info in <Minuit2>: MnSeedGenerator Negative G2 found - new state: 
  Minimum value : 76312.07225
  Edm           : 91361.92949
  Internal parameters:
     -1.223486353
    -0.8374830056
     -1.032862055
    -0.8716700799
     -1.218124801
     -1.137900314
     -0.911383335
    -0.8650728059
     -1.572078561
     -1.597787947
    -0.9534625015
    -0.9040435291
    -0.9273134744
     -1.485490177
      1.599558129
  Internal gradient  :
 -3.539347354e+10
      -3387.37715
    0.03049519427
    0.02163929047
      22600.24385
     0.0393704172
      219270.1711
    0.02135141371
     -33.07651801
     -10626.03391
     -409.2170397
    0.02311629972
    0.02425777514
      8603.768731
      10.42847742
  Internal covariance matrix:
   1.648337e-17              0              0              0              0              0              0              0              0              0              0              0              0              0              0
              0   4.625105e-05              0              0              0              0              0              0              0              0              0              0              0              0              0
              0              0  0.00066146581              0              0              0              0              0              0              0              0              0              0              0              0
              0              0              0    0.001234562              0              0              0              0              0              0              0              0              0              0              0
              0              0              0              0  4.2976966e-06              0              0              0              0              0              0              0              0              0              0
              0              0              0              0              0  0.00014164748              0              0              0              0              0              0              0              0              0
              0              0              0              0              0              0  7.0693578e-06              0              0              0              0              0              0              0              0
              0              0              0              0              0              0              0    0.004278965              0              0              0              0              0              0              0
              0              0              0              0              0              0              0              0  7.7531588e-05              0              0              0              0              0              0
              0              0              0              0              0              0              0              0              0  5.4954069e-06              0              0              0              0              0
              0              0              0              0              0              0              0              0              0              0  0.00053743652              0              0              0              0
              0              0              0              0              0              0              0              0              0              0              0     0.02086733              0              0              0
              0              0              0              0              0              0              0              0              0              0              0              0     0.01416328              0              0
              0              0              0              0              0              0              0              0              0              0              0              0              0  1.9878124e-05              0
              0              0              0              0              0              0              0              0              0              0              0              0              0              0   0.0055134268
Info in <Minuit2>: MnSeedGenerator run Hesse - new state: 
  Minimum value : 76312.07225
  Edm           : 86674.1437
  Internal parameters:
     -1.223486353
    -0.8374830056
     -1.032862055
    -0.8716700799
     -1.218124801
     -1.137900314
     -0.911383335
    -0.8650728059
     -1.572078561
     -1.597787947
    -0.9534625015
    -0.9040435291
    -0.9273134744
     -1.485490177
      1.599558129
  Internal gradient  :
      3155.124283
     -3387.365664
  4.881553592e-05
  3.461881181e-05
      22600.20206
  2.832680944e-06
      219270.1756
  1.443081136e-06
     -33.07656442
     -10626.07861
     -409.2030299
  1.493649316e-06
   3.88210745e-05
      8603.769228
      10.42818399
  Internal covariance matrix:
  1.6483371e-17  2.5026333e-19  3.9198166e-23  5.3551113e-23 -3.6330833e-19  1.3457678e-27 -3.8000959e-19 -9.9691283e-23 -2.4672166e-21  5.7435272e-19  2.1074086e-19 -8.2722217e-27  1.8138192e-22  2.4599726e-23 -1.3762653e-22
  2.5026333e-19  4.8905801e-05  6.4358786e-14   8.792464e-14  1.0965302e-06  2.5022946e-15  1.3120917e-06  2.3924455e-13  8.4864815e-09 -4.4045307e-08 -3.3466673e-05  2.8563213e-14  2.9780781e-13  2.3981405e-09  9.1000092e-10
  3.9198166e-23  6.4358786e-14  0.00066146581  1.7039177e-21  2.3898363e-14  1.2240865e-13  1.4409017e-16  1.3455723e-12 -4.3308971e-18  2.4048903e-14  2.0103328e-13  1.4857343e-12  5.7713061e-21  4.3771528e-14  7.2894769e-13
  5.3551113e-23   8.792464e-14  1.7039177e-21    0.001234562  3.2649076e-14  1.6723026e-13  1.9685076e-16  1.8382721e-12 -5.9167146e-18  3.2854739e-14  2.7464437e-13  2.0297563e-12  7.8845491e-21  5.9799074e-14  9.9586189e-13
 -3.6330833e-19  1.0965302e-06  2.3898363e-14  3.2649076e-14  4.4737582e-06  2.2179571e-14 -1.0112491e-06  5.9548415e-14 -6.5044375e-09 -4.2924374e-08  5.3347897e-07 -2.2013868e-14  1.1058504e-13 -6.5495137e-10 -2.4986592e-10
  1.3457678e-27  2.5022946e-15  1.2240865e-13  1.6723026e-13  2.2179571e-14  0.00014164748 -1.5439429e-14  3.1133487e-13  -4.195783e-14   2.122519e-14  4.3262788e-16  -6.084012e-23   5.664223e-13 -3.0041667e-18  -1.142941e-18
 -3.8000959e-19  1.3120917e-06  1.4409017e-16  1.9685076e-16 -1.0112491e-06 -1.5439429e-14  7.4240765e-06 -1.9439001e-15  1.6388533e-08  6.1612387e-07  1.0665177e-06  1.6140884e-13  6.6674933e-16  5.7522003e-11  2.0503827e-11
 -9.9691283e-23  2.3924455e-13  1.3455723e-12  1.8382721e-12  5.9548415e-14  3.1133487e-13 -1.9439001e-15    0.004278965   4.606615e-13  6.1239375e-14 -7.5580763e-13 -3.7788253e-12  6.2263751e-12 -1.1132621e-13 -1.8540089e-12
 -2.4672166e-21  8.4864815e-09 -4.3308971e-18 -5.9167146e-18 -6.5044375e-09  -4.195783e-14  1.6388533e-08   4.606615e-13   7.753163e-05  2.6926018e-09  7.3833453e-09  5.0903317e-13 -2.0040387e-17  5.6324325e-12  2.4574951e-12
  5.7435272e-19 -4.4045307e-08  2.4048903e-14  3.2854739e-14 -4.2924374e-08   2.122519e-14  6.1612387e-07  6.1239375e-14  2.6926018e-09  5.5475941e-06 -2.5511764e-08  1.3404057e-14  1.1128164e-13  2.6813147e-11  1.0347856e-11
  2.1074086e-19 -3.3466673e-05  2.0103328e-13  2.7464437e-13  5.3347897e-07  4.3262788e-16  1.0665177e-06 -7.5580763e-13  7.3833453e-09 -2.5511764e-08  0.00056143645  2.3220444e-14  9.3024254e-13  2.5292239e-09  9.4007934e-10
 -8.2722217e-27  2.8563213e-14  1.4857343e-12  2.0297563e-12 -2.2013868e-14  -6.084012e-23  1.6140884e-13 -3.7788253e-12  5.0903317e-13  1.3404057e-14  2.3220444e-14     0.02086733  6.8749475e-12  1.2871153e-18  4.6815483e-19
  1.8138192e-22  2.9780781e-13  5.7713061e-21  7.8845491e-21  1.1058504e-13   5.664223e-13  6.6674933e-16  6.2263751e-12 -2.0040387e-17  1.1128164e-13  9.3024254e-13  6.8749475e-12     0.01416328  2.0254426e-13  3.3730642e-12
  2.4599726e-23  2.3981405e-09  4.3771528e-14  5.9799074e-14 -6.5495137e-10 -3.0041667e-18  5.7522003e-11 -1.1132621e-13  5.6324325e-12  2.6813147e-11  2.5292239e-09  1.2871153e-18  2.0254426e-13  1.9923378e-05 -1.5813535e-05
 -1.3762653e-22  9.1000092e-10  7.2894769e-13  9.9586189e-13 -2.4986592e-10  -1.142941e-18  2.0503827e-11 -1.8540089e-12  2.4574951e-12  1.0347856e-11  9.4007934e-10  4.6815483e-19  3.3730642e-12 -1.5813535e-05   0.0055259783
Info in <Minuit2>: VariableMetricBuilder Start iterating until Edm is < 0.001 with call limit = 7500
Info in <Minuit2>: VariableMetricBuilder    0 - FCN =       76312.07225 Edm =        86674.1437 NCalls =    623
Info in <Minuit2>: VariableMetricBuilder    1 - FCN =       21660.74679 Edm =       53722.03363 NCalls =    665
Info in <Minuit2>: VariableMetricBuilder    2 - FCN =       2343.060677 Edm =       24026.29289 NCalls =    707
Info in <Minuit2>: VariableMetricBuilder    3 - FCN =       1306.550099 Edm =       18342.04612 NCalls =    748
Info in <Minuit2>: VariableMetricBuilder    4 - FCN =       1303.686016 Edm =       33271.79112 NCalls =    789
Info in <Minuit2>: VariableMetricBuilder    5 - FCN =       1302.214298 Edm =       40568.28271 NCalls =    827
Minuit2:0: RuntimeWarning: VariableMetricBuilder No improvement in line search
Info in <Minuit2>: VariableMetricBuilder    6 - FCN =       1302.214298 Edm =       40568.28271 NCalls =    838
Minuit2:0: RuntimeWarning: VariableMetricBuilder Iterations finish without convergence; Edm 40583.7 Requested 0.001
Minuit2:0: RuntimeWarning: MnPosDef non-positive diagonal element in covariance matrix[ 8 ] = -13.0839
Minuit2:0: RuntimeWarning: MnPosDef non-positive diagonal element in covariance matrix[ 9 ] = -1129.7
Minuit2:0: RuntimeWarning: MnPosDef Added to diagonal of Error matrix a value 1130.2
Minuit2:0: RuntimeWarning: MnPosDef Matrix forced pos-def by adding to diagonal 1.13447
Info in <Minuit2>: VariableMetricBuilder After Hessian
Info in <Minuit2>: VariableMetricBuilder    7 - FCN =       1302.214298 Edm =       815709.9252 NCalls =   1024
Info in <Minuit2>: VariableMetricBuilder Tolerance not sufficient, continue minimization; Edm 815710 Required 0.001
Minuit2:0: RuntimeWarning: DavidonErrorUpdator delgam < 0 : first derivatives increasing along search line
Info in <Minuit2>: VariableMetricBuilder    8 - FCN =       1288.518002 Edm =       5699795.714 NCalls =   1062
Info in <Minuit2>: VariableMetricBuilder    9 - FCN =         1077.0366 Edm =       1482786.133 NCalls =   1105
Info in <Minuit2>: VariableMetricBuilder   10 - FCN =       1062.595136 Edm =        304.751314 NCalls =   1141
Info in <Minuit2>: VariableMetricBuilder   11 - FCN =       745.4708706 Edm =       6.930716683 NCalls =   1188
Minuit2:0: RuntimeWarning: VariableMetricBuilder Matrix not pos.def., try to make pos.def.
Minuit2:0: RuntimeWarning: MnPosDef non-positive diagonal element in covariance matrix[ 0 ] = -1.94997e-23
Minuit2:0: RuntimeWarning: MnPosDef Added to diagonal of Error matrix a value 0.500001
Info in <Minuit2>: VariableMetricBuilder   12 - FCN =       733.9609988 Edm =   6.322898932e+22 NCalls =   1227
Minuit2:0: RuntimeWarning: VariableMetricBuilder No improvement in line search
Info in <Minuit2>: VariableMetricBuilder   13 - FCN =       733.9609988 Edm =   6.322898932e+22 NCalls =   1238
Minuit2:0: RuntimeWarning: VariableMetricBuilder Iterations finish without convergence; Edm 6.32757e+24 Requested 0.001
Minuit2:0: RuntimeWarning: VariableMetricBuilder FunctionMinimum is invalid after second try
Minuit2:0: RuntimeWarning: Minuit2Minimizer::Minimize Minimization did NOT converge, Edm is above max
Minuit2Minimizer : Invalid Minimum - status = 3
FVAL  = 733.961
Edm   = 6.3229e+22
Nfcn  = 1227
Info in <Minuit2>: Minuit2Minimizer::Hesse Using max-calls 7500
Minuit2:0: RuntimeWarning: MnPosDef non-positive diagonal element in covariance matrix[ 8 ] = -30.0414
Minuit2:0: RuntimeWarning: MnPosDef non-positive diagonal element in covariance matrix[ 14 ] = -0.0317302
Minuit2:0: RuntimeWarning: MnPosDef Added to diagonal of Error matrix a value 30.5415
Info in <Minuit2>: Minuit2Minimizer::Hesse Hesse is valid - matrix is accurate
fit with Hesse strategy 2 done, now Minos
Minuit2Minimizer: Minimize with max-calls 7500 convergence for edm < 1 strategy 2
Info in <Minuit2>: MnSeedGenerator Initial state: FCN =       733.9609988 Edm =       8.700725681 NCalls =     41
Info in <Minuit2>: MnSeedGenerator Negative G2 found - new state: 
  Minimum value : 59.62852054
  Edm           : 97.78825234
  Internal parameters:
    -0.9534355129
    -0.8361995163
     -1.032862104
    -0.8716701014
      -1.21567356
     -1.137900348
     -1.564413208
    -0.8650733383
    -0.8244667601
     -0.730903512
    -0.9707253878
    -0.9040462409
    -0.9273111917
     -1.569847598
      1.505641976
  Internal gradient  :
     -1498.396981
      21.70394251
 -0.0001222520456
 -1.780046205e-05
      1088.563392
 -0.0004458262017
       1596.49815
 -0.0002320251304
     -6.621908662
     -134.5553968
     -25.75579551
 -0.0002416890927
  0.0003414471896
      91.56501171
  -0.002393912614
  Internal covariance matrix:
    0.000157486              0              0              0              0              0              0              0              0              0              0              0              0              0              0
              0  0.00010858482              0              0              0              0              0              0              0              0              0              0              0              0              0
              0              0   0.0006614689              0              0              0              0              0              0              0              0              0              0              0              0
              0              0              0   0.0012345627              0              0              0              0              0              0              0              0              0              0              0
              0              0              0              0  4.4415445e-06              0              0              0              0              0              0              0              0              0              0
              0              0              0              0              0  0.00014164782              0              0              0              0              0              0              0              0              0
              0              0              0              0              0              0  2.7006484e-06              0              0              0              0              0              0              0              0
              0              0              0              0              0              0              0   0.0042789767              0              0              0              0              0              0              0
              0              0              0              0              0              0              0              0    0.017951756              0              0              0              0              0              0
              0              0              0              0              0              0              0              0              0   0.0012966307              0              0              0              0              0
              0              0              0              0              0              0              0              0              0              0   0.0014047753              0              0              0              0
              0              0              0              0              0              0              0              0              0              0              0    0.020868102              0              0              0
              0              0              0              0              0              0              0              0              0              0              0              0    0.014163555              0              0
              0              0              0              0              0              0              0              0              0              0              0              0              0  2.0721492e-05              0
              0              0              0              0              0              0              0              0              0              0              0              0              0              0      54.452082
Info in <Minuit2>: MnSeedGenerator run Hesse - new state: 
  Minimum value : 59.62852054
  Edm           : 97.66876355
  Internal parameters:
    -0.9534355129
    -0.8361995163
     -1.032862104
    -0.8716701014
      -1.21567356
     -1.137900348
     -1.564413208
    -0.8650733383
    -0.8244667601
     -0.730903512
    -0.9707253878
    -0.9040462409
    -0.9273111917
     -1.569847598
      1.505641976
  Internal gradient  :
     -1498.397004
      21.70392733
 -0.0001462418446
 -3.482337998e-05
      1088.563355
 -0.0004767988506
      1596.498627
 -0.0002488222996
     -6.621925787
     -134.5554106
     -25.75581634
 -0.0002598762923
  0.0003223626782
      91.56501067
  -0.002393992483
  Internal covariance matrix:
  0.00015752123   1.578349e-08 -1.5978666e-13  2.6067147e-16   1.912945e-08   8.829617e-17 -4.9426481e-08  4.8529619e-16 -2.4592079e-05 -7.7163532e-07  2.6676221e-08 -4.2167327e-16 -7.3938721e-13  1.7806668e-08 -3.8627969e-06
   1.578349e-08  0.00010858484 -1.8387859e-17 -3.2217588e-18  2.7585223e-11  -1.091293e-18  6.1088465e-10 -5.9979992e-18 -1.5559909e-07  1.9377256e-08 -1.1168869e-07  1.4183168e-17 -8.5086881e-17 -1.8493637e-09  2.5903536e-07
 -1.5978666e-13 -1.8387859e-17   0.0006614689  5.4722815e-23 -2.7178993e-17  1.8536033e-23 -1.0376111e-14  1.0187833e-22  2.9269762e-14  1.5369411e-15 -1.0148823e-17 -2.2590846e-22 -1.5170869e-12  1.3128264e-16 -1.6936874e-14
  2.6067147e-16 -3.2217588e-18  5.4722815e-23   0.0012345627 -1.0589464e-17  2.5445712e-23 -1.4244015e-14  1.3985552e-22  5.8665925e-15   1.029093e-15  2.3147359e-17 -3.0921236e-22  2.5322108e-22  2.0405931e-16 -2.8497984e-14
   1.912945e-08  2.7585223e-11 -2.7178993e-17 -1.0589464e-17  4.4432504e-06 -3.5869254e-18  2.0078912e-09 -1.9714572e-17 -5.5301792e-06  6.3604168e-08 -5.6721286e-10  1.5103002e-13 -1.2576645e-16 -3.7304156e-10  1.5801341e-07
   8.829617e-17  -1.091293e-18  1.8536033e-23  2.5445712e-23 -3.5869254e-18  0.00014164782 -4.8248165e-15  4.7372684e-23  1.9871667e-15  3.4858042e-16  7.8406092e-18 -1.0473823e-22  8.5772532e-23  6.9120169e-17 -9.6530046e-15
 -4.9426481e-08  6.1088465e-10 -1.0376111e-14 -1.4244015e-14  2.0078912e-09 -4.8248165e-15  2.7008385e-06 -2.6518308e-14 -1.1123773e-06 -1.9512855e-07 -4.3890207e-09  5.8630424e-14 -4.8013797e-14 -3.8692128e-08  5.4035645e-06
  4.8529619e-16 -5.9979992e-18  1.0187833e-22  1.3985552e-22 -1.9714572e-17  4.7372684e-23 -2.6518308e-14   0.0042789767  1.0921928e-14  1.9158787e-15  4.3093804e-17 -5.7566554e-22  4.7142569e-22  3.7990045e-16 -5.3055148e-14
 -2.4592079e-05 -1.5559909e-07  2.9269762e-14  5.8665925e-15 -5.5301792e-06  1.9871667e-15 -1.1123773e-06  1.0921928e-14    0.017965315 -5.5278998e-05 -6.1279076e-07 -2.1204114e-13  1.3544115e-13 -5.4695832e-07 -0.00010298636
 -7.7163532e-07  1.9377256e-08  1.5369411e-15   1.029093e-15  6.3604168e-08  3.4858042e-16 -1.9512855e-07  1.9158787e-15 -5.5278998e-05   0.0012968206  3.3100831e-08 -2.0696272e-15  7.1119493e-15  4.4674006e-08 -9.6183997e-06
  2.6676221e-08 -1.1168869e-07 -1.0148823e-17  2.3147359e-17 -5.6721286e-10  7.8406092e-18 -4.3890207e-09  4.3093804e-17 -6.1279076e-07  3.3100831e-08   0.0014047755  -1.144415e-16 -4.6962056e-17 -3.1041822e-09  4.3833452e-07
 -4.2167327e-16  1.4183168e-17 -2.2590846e-22 -3.0921236e-22  1.5103002e-13 -1.0473823e-22  5.8630424e-14 -5.7566554e-22 -2.1204114e-13 -2.0696272e-15  -1.144415e-16    0.020868102 -1.0453553e-21  -8.516365e-16  1.2253478e-13
 -7.3938721e-13 -8.5086881e-17 -1.5170869e-12  2.5322108e-22 -1.2576645e-16  8.5772532e-23 -4.8013797e-14  4.7142569e-22  1.3544115e-13  7.1119493e-15 -4.6962056e-17 -1.0453553e-21    0.014163555  6.0748943e-16 -7.8372676e-14
  1.7806668e-08 -1.8493637e-09  1.3128264e-16  2.0405931e-16 -3.7304156e-10  6.9120169e-17 -3.8692128e-08  3.7990045e-16 -5.4695832e-07  4.4674006e-08 -3.1041822e-09  -8.516365e-16  6.0748943e-16  2.0816076e-05   0.0022675651
 -3.8627969e-06  2.5903536e-07 -1.6936874e-14 -2.8497984e-14  1.5801341e-07 -9.6530046e-15  5.4035645e-06 -5.3055148e-14 -0.00010298636 -9.6183997e-06  4.3833452e-07  1.2253478e-13 -7.8372676e-14   0.0022675651       54.69913
Info in <Minuit2>: VariableMetricBuilder Start iterating until Edm is < 0.001 with call limit = 7500
Info in <Minuit2>: VariableMetricBuilder    0 - FCN =       59.62852054 Edm =       97.66876355 NCalls =    345
Info in <Minuit2>: VariableMetricBuilder    1 - FCN =      -24.62784617 Edm =      0.3307997579 NCalls =    385
Info in <Minuit2>: VariableMetricBuilder    2 - FCN =      -24.86519151 Edm =    0.001707315359 NCalls =    419
Info in <Minuit2>: VariableMetricBuilder    3 - FCN =      -24.86680063 Edm =   2.063948121e-05 NCalls =    451
Info in <Minuit2>: VariableMetricBuilder After Hessian
Info in <Minuit2>: VariableMetricBuilder    4 - FCN =      -24.86680063 Edm =   1.761976502e-05 NCalls =    631
Minuit2Minimizer : Valid minimum - status = 0
FVAL  = -24.8668006312985668
Edm   = 1.76197650214575989e-05
Nfcn  = 631
#alpha_{RT1}^{0}	  = 1.21558	 +/-  0.0237921	(limited)
#alpha_{RT2}^{0}	  = 1.28557	 +/-  0.0247095	(limited)
#alpha_{WT1}^{0}	  = 0.706155	 +/-  0.0465869	(limited)
#alpha_{WT2}^{0}	  = 1.17298	 +/-  0.0799371	(limited)
#sigma_{RT1}^{0}	  = 0.030776	 +/-  0.000259953	(limited)
#sigma_{WT1}^{0}	  = 0.0461227	 +/-  0.00176518	(limited)
Yield	  = 5.02254	 +/-  2.24505	(limited)
f_{M}^{0}	  = 0.119429	 +/-  0.0149947	(limited)
mean_{RT}^{0}	  = 5.28767	 +/-  0.018665	(limited)
n_{RT1}^{0}	  = 3.9306	 +/-  0.182526	(limited)
n_{RT2}^{0}	  = 9.24292	 +/-  0.73846	(limited)
n_{WT1}^{0}	  = 10.7172	 +/-  3.15276	(limited)
n_{WT2}^{0}	  = 10.0085	 +/-  2.52132	(limited)
nbkg	  = 5.94246e-06	 +/-  1.81474	(limited)
slope	  = 9.92482	 +/-  10.3239	(limited)
Info in <Minuit2>: Minuit2Minimizer::Hesse Using max-calls 7500
Info in <Minuit2>: Minuit2Minimizer::Hesse Hesse is valid - matrix is accurate
******************************************************************************************************
Minuit2Minimizer::GetMinosError - Run MINOS LOWER error for parameter #0 : #alpha_{RT1}^{0} using max-calls 7500, tolerance 1
Info in <Minuit2>: MnMinos Determination of lower Minos error for parameter 0
Info in <Minuit2>: MnFunctionCross Run Migrad with fixed parameters:
  Pos 0: #alpha_{RT1}^{0} = 1.19178
Info in <Minuit2>: MnSeedGenerator Initial state: FCN =      -24.19934312 Edm =       678.8851041 NCalls =     53
Info in <Minuit2>: VariableMetricBuilder Start iterating until Edm is < 0.0005 with call limit = 7500
Info in <Minuit2>: VariableMetricBuilder    0 - FCN =      -24.19934312 Edm =       678.8851041 NCalls =     53
Minuit2:0: RuntimeWarning: DavidonErrorUpdator delgam < 0 : first derivatives increasing along search line
Info in <Minuit2>: VariableMetricBuilder    1 - FCN =      -25.46893873 Edm =       258612.9648 NCalls =     89
Minuit2:0: RuntimeWarning: VariableMetricBuilder Matrix not pos.def, gdel = 6350.15 > 0
Minuit2:0: RuntimeWarning: MnPosDef non-positive diagonal element in covariance matrix[ 13 ] = -120375
Minuit2:0: RuntimeWarning: MnPosDef Added to diagonal of Error matrix a value 120376
Minuit2:0: RuntimeWarning: VariableMetricBuilder gdel = -3.20079e+10
Minuit2:0: RuntimeWarning: VariableMetricBuilder No improvement in line search
Info in <Minuit2>: VariableMetricBuilder    2 - FCN =      -25.46893873 Edm =       258612.9648 NCalls =    100
Minuit2:0: RuntimeWarning: VariableMetricBuilder Iterations finish without convergence; Edm 3.22477e+07 Requested 0.0005
Minuit2:0: RuntimeWarning: VariableMetricBuilder No convergence; Edm 258613 is above tolerance 0.005
Info in <Minuit2>: MnFunctionCross Result after Migrad FCN =      -25.46893873 Edm =       258612.9648 NCalls =     89 
  Pos |    Name    |  type   |      Value       |    Error +/-
    0 | #alpha_{RT1}^{0} |  fixed  |      1.191784023 | 0.02379207319
    1 | #alpha_{RT2}^{0} | limited |      1.285565499 |  5.142577312
    2 | #alpha_{WT1}^{0} | limited |     0.7061554106 |  5.476642266
    3 | #alpha_{WT2}^{0} | limited |      1.172976076 |  5.033659811
    4 | #sigma_{RT1}^{0} | limited |    0.03077565828 | 0.6047042993
    5 | #sigma_{WT1}^{0} | limited |    0.04612266396 | 0.5803339542
    6 |      Yield | limited |      5.009036794 |  700768.6106
    7 |  f_{M}^{0} | limited |     0.1194287524 |  0.505461397
    8 | mean_{RT}^{0} | limited |      5.287991073 | 0.3185452212
    9 | n_{RT1}^{0} | limited |      3.930976364 |    11.437263
   10 | n_{RT2}^{0} | limited |      9.242777487 |  52.24941705
   11 | n_{WT1}^{0} | limited |      10.71723135 |  50.68701065
   12 | n_{WT2}^{0} | limited |      10.00844755 |  51.42573046
   13 |       nbkg | limited |      2.996400694 |  386656.4652
