
[1mRooFit v3.60 -- Developed by Wouter Verkerke and David Kirkby[0m 
                Copyright (C) 2000-2013 NIKHEF, University of California & Stanford University
                All rights reserved, please read http://roofit.sourceforge.net/license.txt

Error in <TUnixSystem::FindDynamicLibrary>: ../utils/func_roofit/libRooGaussDoubleSidedExp[.so | .dll | .dylib | .sl | .dl | .a] does not exist in /cvmfs/sw.el7/gcc63/root/6.24.06/b01/lib64:/cvmfs/sw.el7/gcc63/root/6.24.06/b01/lib:/cvmfs/sw.el7/gcc63/pythia/8.2.40/b02/lib:/cvmfs/sw.el7/gcc/6.3/lib64:/cvmfs/sw.el7/gcc/6.3/lib:/cvmfs/sw.el7/gcc/6.3/libexec/gcc/x86_64-unknown-linux-gnu/6.3.1:.:/cvmfs/sw.el7/gcc63/root/6.24.06/b01/lib:/lib64/tls/x86_64:/lib64/tls:/lib64/x86_64:/lib64:/usr/lib64/tls/x86_64:/usr/lib64/tls:/usr/lib64/x86_64:/usr/lib64:/cvmfs/sw.el7/gcc63/root/6.24.06/b01/python/lib:/cvmfs/sw.el7/gcc63/root/6.24.06
start function declaration
mc file name: /lstore/cms/boletti/Run2-BdToKstarMuMu/2018MC_JPSI_newphi_punzi_removeTkMu_fixBkg_B0Psicut_addxcutvariable.root
data file name: /lstore/cms/boletti/Run2-BdToKstarMuMu/2018data_newphi_punzi_removeTkMu_fixBkg_B0Psicut_addxcutvariable.root
reading data...
[#0] ERROR:InputArguments -- Didn't find a branch in Tree 'ntuple' to read variable 'weight' from.
	Note: Name the RooFit variable the same as the branch.
it worked :)
reading monte carlo...
dimuon selection:  keepJpsi
dimuon selection:  keepJpsi
dimuon selection:  keepJpsi
dimuon selection:  keepJpsi
dimuon selection:  keepJpsi
now fitting:  4  for  correctTag  
fitting the mc...
 **********
 **    1 **SET PRINT           1
 **********
 **********
 **    2 **SET NOGRAD
 **********
 PARAMETER DEFINITIONS:
    NO.   NAME         VALUE      STEP SIZE      LIMITS
     1 #alpha_{RT1}^{4}   1.50000e+00  7.50000e-01    0.00000e+00  1.00000e+01
     2 #alpha_{RT2}^{4}  -2.00000e+00  1.00000e+00   -1.00000e+01  0.00000e+00
     3 #sigma_{RT1}^{4}   2.80000e-02  1.40000e-02    0.00000e+00  1.00000e+00
     4 #sigma_{RT2}^{4}   4.80000e-02  2.40000e-02    0.00000e+00  1.00000e+00
     5 f^{RT4}      8.00000e-01  1.00000e-01    0.00000e+00  1.00000e+00
     6 mean_{RT}^{4}   5.27958e+00  2.00000e-02    5.20000e+00  5.40000e+00
     7 n_{RT1}^{4}   1.00000e+00  4.99500e-01    1.00000e-03  2.00000e+02
     8 n_{RT2}^{4}   1.00000e+00  4.99500e-01    1.00000e-03  2.00000e+02
 **********
 **    3 **SET ERR         0.5
 **********
 **********
 **    4 **SET PRINT           1
 **********
 **********
 **    5 **SET STR           1
 **********
 NOW USING STRATEGY  1: TRY TO BALANCE SPEED AGAINST RELIABILITY
 **********
 **    6 **MIGRAD        4000           1
 **********
 FIRST CALL TO USER FUNCTION AT NEW START POINT, WITH IFLAG=4.
 START MIGRAD MINIMIZATION.  STRATEGY  1.  CONVERGENCE WHEN EDM .LT. 1.00e-03
 FCN=-2.90011e+06 FROM MIGRAD    STATUS=INITIATE       38 CALLS          39 TOTAL
                     EDM= unknown      STRATEGY= 1      NO ERROR MATRIX       
  EXT PARAMETER               CURRENT GUESS       STEP         FIRST   
  NO.   NAME      VALUE            ERROR          SIZE      DERIVATIVE 
   1  #alpha_{RT1}^{4}   1.50000e+00   7.50000e-01   2.16811e-01  -6.57723e+05
   2  #alpha_{RT2}^{4}  -2.00000e+00   1.00000e+00   2.57889e-01   6.63905e+04
   3  #sigma_{RT1}^{4}   2.80000e-02   1.40000e-02   8.78020e-02  -2.19117e+05
   4  #sigma_{RT2}^{4}   4.80000e-02   2.40000e-02   1.16111e-01   3.00275e+04
   5  f^{RT4}      8.00000e-01   1.00000e-01   2.57889e-01   5.74084e+04
   6  mean_{RT}^{4}   5.27958e+00   2.00000e-02   2.05952e-01  -2.99899e+05
   7  n_{RT1}^{4}   1.00000e+00   4.99500e-01   3.66720e-02  -1.63999e+06
   8  n_{RT2}^{4}   1.00000e+00   4.99500e-01   3.66720e-02  -1.20184e+05
                               ERR DEF= 0.5
 MIGRAD MINIMIZATION HAS CONVERGED.
 FCN=-2.98395e+06 FROM MIGRAD    STATUS=CONVERGED     460 CALLS         461 TOTAL
                     EDM=4.28543e-05    STRATEGY= 1  ERROR MATRIX UNCERTAINTY   3.7 per cent
  EXT PARAMETER                                   STEP         FIRST   
  NO.   NAME      VALUE            ERROR          SIZE      DERIVATIVE 
   1  #alpha_{RT1}^{4}   1.60749e+00   1.53002e-02  -2.41154e-05   3.31139e-01
   2  #alpha_{RT2}^{4}  -2.47308e+00   2.53551e-02   1.91217e-05  -1.62509e+00
   3  #sigma_{RT1}^{4}   2.62869e-02   9.89478e-05   1.22536e-05   4.45815e-01
   4  #sigma_{RT2}^{4}   4.66790e-02   1.74754e-04   1.59567e-05  -1.05791e+01
   5  f^{RT4}      5.75502e-01   5.13852e-03   2.34324e-04  -6.07245e-02
   6  mean_{RT}^{4}   5.27984e+00   3.72405e-05  -2.49086e-06   2.31089e+00
   7  n_{RT1}^{4}   3.50798e+00   7.64748e-02   2.68242e-05   1.74604e+00
   8  n_{RT2}^{4}   3.36184e+00   1.88338e-01   1.16236e-05   3.53238e-01
                               ERR DEF= 0.5
 EXTERNAL ERROR MATRIX.    NDIM=  25    NPAR=  8    ERR DEF=0.5
  2.341e-04 -1.150e-04  5.008e-07  1.301e-06  1.649e-05 -3.581e-07 -9.557e-04 -5.438e-04 
 -1.150e-04  6.429e-04 -3.177e-07 -1.761e-06 -2.460e-05  1.324e-07  2.777e-04  4.382e-03 
  5.008e-07 -3.177e-07  9.791e-09  1.299e-08  4.565e-07 -6.117e-10  1.174e-06 -2.213e-06 
  1.301e-06 -1.761e-06  1.299e-08  3.054e-08  7.776e-07 -1.690e-09  1.259e-07 -9.990e-06 
  1.649e-05 -2.460e-05  4.565e-07  7.776e-07  2.641e-05 -1.068e-08  1.144e-04 -1.636e-04 
 -3.581e-07  1.324e-07 -6.117e-10 -1.690e-09 -1.068e-08  1.387e-09  1.434e-06  5.622e-07 
 -9.557e-04  2.777e-04  1.174e-06  1.259e-07  1.144e-04  1.434e-06  5.848e-03  9.327e-04 
 -5.438e-04  4.382e-03 -2.213e-06 -9.990e-06 -1.636e-04  5.622e-07  9.327e-04  3.547e-02 
 PARAMETER  CORRELATION COEFFICIENTS  
       NO.  GLOBAL      1      2      3      4      5      6      7      8
        1  0.97111   1.000 -0.297  0.331  0.487  0.210 -0.628 -0.817 -0.189
        2  0.93839  -0.297  1.000 -0.127 -0.397 -0.189  0.140  0.143  0.918
        3  0.93774   0.331 -0.127  1.000  0.751  0.898 -0.166  0.155 -0.119
        4  0.95560   0.487 -0.397  0.751  1.000  0.866 -0.260  0.009 -0.304
        5  0.97090   0.210 -0.189  0.898  0.866  1.000 -0.056  0.291 -0.169
        6  0.65305  -0.628  0.140 -0.166 -0.260 -0.056  1.000  0.504  0.080
        7  0.95645  -0.817  0.143  0.155  0.009  0.291  0.504  1.000  0.065
        8  0.92729  -0.189  0.918 -0.119 -0.304 -0.169  0.080  0.065  1.000
 **********
 **    7 **SET ERR         0.5
 **********
 **********
 **    8 **SET PRINT           1
 **********
 **********
 **    9 **HESSE        4000
 **********
 COVARIANCE MATRIX CALCULATED SUCCESSFULLY
 FCN=-2.98395e+06 FROM HESSE     STATUS=OK             75 CALLS         536 TOTAL
                     EDM=0.000765071    STRATEGY= 1      ERROR MATRIX ACCURATE 
  EXT PARAMETER                                INTERNAL      INTERNAL  
  NO.   NAME      VALUE            ERROR       STEP SIZE       VALUE   
   1  #alpha_{RT1}^{4}   1.60749e+00   1.35263e-02   1.21631e-03  -7.45721e-01
   2  #alpha_{RT2}^{4}  -2.47308e+00   2.38183e-02   2.53584e-03   5.29828e-01
   3  #sigma_{RT1}^{4}   2.62869e-02   1.00171e-04   2.57073e-04  -1.24509e+00
   4  #sigma_{RT2}^{4}   4.66790e-02   1.71024e-04   2.94013e-04  -1.13526e+00
   5  f^{RT4}      5.75502e-01   5.19410e-03   2.97416e-03   1.51584e-01
   6  mean_{RT}^{4}   5.27984e+00   3.60585e-05   3.47038e-04  -2.02958e-01
   7  n_{RT1}^{4}   3.50798e+00   7.01139e-02   1.05136e-03  -1.30518e+00
   8  n_{RT2}^{4}   3.36184e+00   1.75986e-01   3.33811e-03  -1.31080e+00
                               ERR DEF= 0.5
 EXTERNAL ERROR MATRIX.    NDIM=  25    NPAR=  8    ERR DEF=0.5
  1.830e-04 -7.636e-05  4.373e-07  1.051e-06  1.489e-05 -2.839e-07 -7.176e-04 -3.989e-04 
 -7.636e-05  5.673e-04 -1.767e-07 -1.318e-06 -1.644e-05  7.552e-08  1.695e-04  3.798e-03 
  4.373e-07 -1.767e-07  1.003e-08  1.291e-08  4.693e-07 -5.695e-10  1.696e-06 -1.584e-06 
  1.051e-06 -1.318e-06  1.291e-08  2.925e-08  7.771e-07 -1.379e-09  1.505e-06 -7.775e-06 
  1.489e-05 -1.644e-05  4.693e-07  7.771e-07  2.698e-05 -1.072e-08  1.328e-04 -1.228e-04 
 -2.839e-07  7.552e-08 -5.695e-10 -1.379e-09 -1.072e-08  1.300e-09  1.052e-06  3.576e-07 
 -7.176e-04  1.695e-04  1.696e-06  1.505e-06  1.328e-04  1.052e-06  4.916e-03  6.216e-04 
 -3.989e-04  3.798e-03 -1.584e-06 -7.775e-06 -1.228e-04  3.576e-07  6.216e-04  3.097e-02 
 PARAMETER  CORRELATION COEFFICIENTS  
       NO.  GLOBAL      1      2      3      4      5      6      7      8
        1  0.96092   1.000 -0.237  0.323  0.455  0.212 -0.582 -0.757 -0.168
        2  0.92287  -0.237  1.000 -0.074 -0.324 -0.133  0.088  0.101  0.906
        3  0.93892   0.323 -0.074  1.000  0.754  0.902 -0.158  0.241 -0.090
        4  0.95264   0.455 -0.324  0.754  1.000  0.875 -0.224  0.125 -0.258
        5  0.97145   0.212 -0.133  0.902  0.875  1.000 -0.057  0.365 -0.134
        6  0.61273  -0.582  0.088 -0.158 -0.224 -0.057  1.000  0.416  0.056
        7  0.94398  -0.757  0.101  0.241  0.125  0.365  0.416  1.000  0.050
        8  0.91260  -0.168  0.906 -0.090 -0.258 -0.134  0.056  0.050  1.000
fit status:  0 3
doublecb_RT4  -----> plotting  
Info in <TCanvas::MakeDefCanvas>:  created default TCanvas with name c1
cbshape_RT1_4  -----> plotting  
cbshape_RT2_4  -----> plotting  
setting nRT to  1629099.0
Info in <TCanvas::Print>: pdf file fit_results_mass_checkOnMC/newbdt_puw/save_fit_mc_4_2018_RT_newSigmaFRT_Jpsi_asInANv8.pdf has been created
now fitting:  4  for   wrongTag
fitting the mc...
 **********
 **    1 **SET PRINT           1
 **********
 **********
 **    2 **SET NOGRAD
 **********
 PARAMETER DEFINITIONS:
    NO.   NAME         VALUE      STEP SIZE      LIMITS
     1 #alpha_{WT1}^{4}   5.00000e-01  2.50000e-01    0.00000e+00  1.00000e+01
     2 #alpha_{WT2}^{4}   2.50000e+00  1.00000e+00    0.00000e+00  1.00000e+01
     3 #sigma_{WT1}^{4}   3.00000e-02  1.50000e-02    0.00000e+00  1.00000e+00
     4 mean_{WT}^{4}   5.27958e+00  1.00000e-01    5.00000e+00  6.00000e+00
     5 n_{WT1}^{4}   1.00000e+00  4.95000e-01    1.00000e-02  1.00000e+02
     6 n_{WT2}^{4}   1.00000e+00  4.95000e-01    1.00000e-02  1.00000e+02
 **********
 **    3 **SET ERR         0.5
 **********
 **********
 **    4 **SET PRINT           1
 **********
 **********
 **    5 **SET STR           1
 **********
 NOW USING STRATEGY  1: TRY TO BALANCE SPEED AGAINST RELIABILITY
 **********
 **    6 **MIGRAD        3000           1
 **********
 FIRST CALL TO USER FUNCTION AT NEW START POINT, WITH IFLAG=4.
 START MIGRAD MINIMIZATION.  STRATEGY  1.  CONVERGENCE WHEN EDM .LT. 1.00e-03
 FCN=-198389 FROM MIGRAD    STATUS=INITIATE       24 CALLS          25 TOTAL
                     EDM= unknown      STRATEGY= 1      NO ERROR MATRIX       
  EXT PARAMETER               CURRENT GUESS       STEP         FIRST   
  NO.   NAME      VALUE            ERROR          SIZE      DERIVATIVE 
   1  #alpha_{WT1}^{4}   5.00000e-01   2.50000e-01   1.18625e-01  -2.23351e+05
   2  #alpha_{WT2}^{4}   2.50000e+00   1.00000e+00   2.35352e-01   1.43601e+05
   3  #sigma_{WT1}^{4}   3.00000e-02   1.50000e-02   9.09734e-02  -4.31136e+05
   4  mean_{WT}^{4}   5.27958e+00   1.00000e-01   2.26180e-01  -8.13872e+05
   5  n_{WT1}^{4}   1.00000e+00   4.95000e-01   5.17524e-02  -4.15948e+05
   6  n_{WT2}^{4}   1.00000e+00   4.95000e-01   5.17524e-02   1.05627e+05
                               ERR DEF= 0.5
 MIGRAD MINIMIZATION HAS CONVERGED.
 MIGRAD WILL VERIFY CONVERGENCE AND ERROR MATRIX.
 COVARIANCE MATRIX CALCULATED SUCCESSFULLY
 FCN=-272982 FROM HESSE     STATUS=OK             50 CALLS         400 TOTAL
                     EDM=0.0035506    STRATEGY= 1      ERROR MATRIX ACCURATE 
  EXT PARAMETER                                   STEP         FIRST   
  NO.   NAME      VALUE            ERROR          SIZE      DERIVATIVE 
   1  #alpha_{WT1}^{4}   8.77881e-01   1.20657e-02   3.58254e-04  -7.90126e-01
   2  #alpha_{WT2}^{4}   1.20365e+00   1.88258e-02   5.23958e-04  -3.44252e+00
   3  #sigma_{WT1}^{4}   4.91973e-02   3.45511e-04   1.70032e-04   3.95957e+00
   4  mean_{WT}^{4}   5.27448e+00   2.04911e-04   1.11005e-04  -1.69151e+00
   5  n_{WT1}^{4}   1.52246e+01   1.31312e+00   5.13760e-03  -1.04733e+00
   6  n_{WT2}^{4}   1.85045e+01   2.08603e+00   7.70190e-03  -1.20177e+00
                               ERR DEF= 0.5
 MIGRAD MINIMIZATION HAS CONVERGED.
 FCN=-272982 FROM MIGRAD    STATUS=CONVERGED     413 CALLS         414 TOTAL
                     EDM=3.18546e-05    STRATEGY= 1  ERROR MATRIX UNCERTAINTY   3.5 per cent
  EXT PARAMETER                                   STEP         FIRST   
  NO.   NAME      VALUE            ERROR          SIZE      DERIVATIVE 
   1  #alpha_{WT1}^{4}   8.77836e-01   1.20757e-02  -1.60209e-05   1.18719e-01
   2  #alpha_{WT2}^{4}   1.20470e+00   1.77653e-02   3.23320e-04   1.36579e-01
   3  #sigma_{WT1}^{4}   4.92047e-02   3.40716e-04   3.42133e-05  -1.02830e+00
   4  mean_{WT}^{4}   5.27448e+00   2.05821e-04   1.06963e-05  -5.60408e-01
   5  n_{WT1}^{4}   1.52587e+01   1.33996e+00   9.50268e-04  -1.76902e-01
   6  n_{WT2}^{4}   1.83595e+01   1.91959e+00   3.73898e-03   7.23599e-02
                               ERR DEF= 0.5
 EXTERNAL ERROR MATRIX.    NDIM=  25    NPAR=  6    ERR DEF=0.5
  1.458e-04  1.196e-04  3.249e-06 -1.466e-06 -1.289e-02  5.076e-03 
  1.196e-04  3.156e-04  4.725e-06 -1.378e-07 -4.854e-03  2.715e-02 
  3.249e-06  4.725e-06  1.161e-07 -2.735e-08 -1.603e-04  2.366e-04 
 -1.466e-06 -1.378e-07 -2.735e-08  4.236e-08  1.224e-04  5.145e-05 
 -1.289e-02 -4.854e-03 -1.603e-04  1.224e-04  1.796e+00 -1.175e-01 
  5.076e-03  2.715e-02  2.366e-04  5.145e-05 -1.175e-01  3.688e+00 
 PARAMETER  CORRELATION COEFFICIENTS  
       NO.  GLOBAL      1      2      3      4      5      6
        1  0.97257   1.000  0.558  0.790 -0.590 -0.797  0.219
        2  0.96397   0.558  1.000  0.781 -0.038 -0.204  0.796
        3  0.95423   0.790  0.781  1.000 -0.390 -0.351  0.362
        4  0.74498  -0.590 -0.038 -0.390  1.000  0.444  0.130
        5  0.92292  -0.797 -0.204 -0.351  0.444  1.000 -0.046
        6  0.90400   0.219  0.796  0.362  0.130 -0.046  1.000
 **********
 **    7 **SET ERR         0.5
 **********
 **********
 **    8 **SET PRINT           1
 **********
 **********
 **    9 **HESSE        3000
 **********
 COVARIANCE MATRIX CALCULATED SUCCESSFULLY
 FCN=-272982 FROM HESSE     STATUS=OK             48 CALLS         462 TOTAL
                     EDM=3.87025e-05    STRATEGY= 1      ERROR MATRIX ACCURATE 
  EXT PARAMETER                                INTERNAL      INTERNAL  
  NO.   NAME      VALUE            ERROR       STEP SIZE       VALUE   
   1  #alpha_{WT1}^{4}   8.77836e-01   1.23403e-02   1.43302e-04  -9.69199e-01
   2  #alpha_{WT2}^{4}   1.20470e+00   1.83551e-02   2.09583e-04  -8.61867e-01
   3  #sigma_{WT1}^{4}   4.92047e-02   3.46130e-04   6.80127e-05  -1.12343e+00
   4  mean_{WT}^{4}   5.27448e+00   2.06355e-04   1.11005e-04  -4.67930e-01
   5  n_{WT1}^{4}   1.52587e+01   1.36000e+00   2.05504e-03  -7.68413e-01
   6  n_{WT2}^{4}   1.83595e+01   1.97846e+00   3.08076e-03  -2.45621e+00
                               ERR DEF= 0.5
 EXTERNAL ERROR MATRIX.    NDIM=  25    NPAR=  6    ERR DEF=0.5
  1.523e-04  1.305e-04  3.406e-06 -1.497e-06 -1.349e-02  6.136e-03 
  1.305e-04  3.369e-04  4.987e-06 -1.779e-07 -5.876e-03  2.934e-02 
  3.406e-06  4.987e-06  1.198e-07 -2.817e-08 -1.751e-04  2.616e-04 
 -1.497e-06 -1.779e-07 -2.817e-08  4.258e-08  1.250e-04  4.833e-05 
 -1.349e-02 -5.876e-03 -1.751e-04  1.250e-04  1.850e+00 -2.202e-01 
  6.136e-03  2.934e-02  2.616e-04  4.833e-05 -2.202e-01  3.918e+00 
 PARAMETER  CORRELATION COEFFICIENTS  
       NO.  GLOBAL      1      2      3      4      5      6
        1  0.97375   1.000  0.576  0.797 -0.588 -0.804  0.251
        2  0.96621   0.576  1.000  0.785 -0.047 -0.235  0.808
        3  0.95566   0.797  0.785  1.000 -0.394 -0.372  0.382
        4  0.74653  -0.588 -0.047 -0.394  1.000  0.445  0.118
        5  0.92523  -0.804 -0.235 -0.372  0.445  1.000 -0.082
        6  0.91032   0.251  0.808  0.382  0.118 -0.082  1.000
Info in <TCanvas::Print>: pdf file fit_results_mass_checkOnMC/newbdt_puw/save_fit_mc_4_2018_WT_newSigmaFRT_Jpsi_asInANv8.pdf has been created
fit status:  0 3
doublecb_4  -----> plotting  
setting nWT to  230716.0
mistag fraction on MC for bin  4  :  0.12405319884 +/- 0.273428361302
constraining var #sigma_{RT1}^{4} :  0.0262869253659  with uncertainty  0.000100170952781
constraining var #alpha_{RT1}^{4} :  1.60749262398  with uncertainty  0.0135263397757
constraining var n_{RT1}^{4} :  3.50798477046  with uncertainty  0.0701138734453
constraining var #sigma_{WT1}^{4} :  0.0492047479105  with uncertainty  0.000346130355057
constraining var #alpha_{WT1}^{4} :  0.877835563007  with uncertainty  0.0123402707215
constraining var #alpha_{WT2}^{4} :  1.20470282  with uncertainty  0.0183551477474
constraining var n_{WT1}^{4} :  15.25871753  with uncertainty  1.35999578925
constraining var n_{WT2}^{4} :  18.3595245109  with uncertainty  1.978461317
constraining var #alpha_{RT2}^{4} :  -2.47307520829  with uncertainty  0.0238182898166
constraining var n_{RT2}^{4} :  3.36184377241  with uncertainty  0.175986129324
constraining var #sigma_{RT2}^{4} :  0.0466790262852  with uncertainty  0.000171023709074
constraining var f^{RT4} :  0.57550191783  with uncertainty  0.00519410082686
nsig is
1000000.0
here
total pdf created
Minuit2Minimizer: Minimize with max-calls 8500 convergence for edm < 1 strategy 2
Info in <Minuit2>: MnSeedGenerator Initial state: FCN =       870602.9133 Edm =      -6410.329339 NCalls =     55
Info in <Minuit2>: MnSeedGenerator Negative G2 found - new state: 
  Minimum value : -74514.62606
  Edm           : 1122.729967
  Internal parameters:
    -0.7457207858
     0.5298280318
    -0.9691994303
    -0.8618671442
     -1.245093736
     -1.135255376
      -1.12343224
     -1.411479667
     0.1515836742
    -0.8509296023
    -0.2029580959
     -1.305176499
     -1.310801835
    -0.7684131539
    -0.6853871844
     -1.485490177
    0.05002085681
  Internal gradient  :
      1505.356591
      34.59085289
    0.02587939665
    0.02071405103
     -2901.703116
     -3093.410329
    0.03702684542
      -4397.23464
      106.5175365
    0.02026132354
      2568.564638
      1750.337511
     -35.20428545
    0.01717215864
    0.01452533361
     -16998.67813
      2427.442575
  Internal covariance matrix:
  3.0064117e-05              0              0              0              0              0              0              0              0              0              0              0              0              0              0              0              0
              0  6.0388075e-05              0              0              0              0              0              0              0              0              0              0              0              0              0              0              0
              0              0  3.8033671e-05              0              0              0              0              0              0              0              0              0              0              0              0              0              0
              0              0              0  6.3593879e-05              0              0              0              0              0              0              0              0              0              0              0              0              0
              0              0              0              0  7.6760123e-07              0              0              0              0              0              0              0              0              0              0              0              0
              0              0              0              0              0  1.2851155e-06              0              0              0              0              0              0              0              0              0              0              0
              0              0              0              0              0              0   5.121714e-06              0              0              0              0              0              0              0              0              0              0
              0              0              0              0              0              0              0  2.1067587e-06              0              0              0              0              0              0              0              0              0
              0              0              0              0              0              0              0              0   0.0002076846              0              0              0              0              0              0              0              0
              0              0              0              0              0              0              0              0              0  1.3417507e-06              0              0              0              0              0              0              0
              0              0              0              0              0              0              0              0              0              0  5.0184891e-05              0              0              0              0              0              0
              0              0              0              0              0              0              0              0              0              0              0  1.7371074e-05              0              0              0              0              0
              0              0              0              0              0              0              0              0              0              0              0              0  9.1450822e-05              0              0              0              0
              0              0              0              0              0              0              0              0              0              0              0              0              0   0.0028627207              0              0              0
              0              0              0              0              0              0              0              0              0              0              0              0              0              0   0.0052259047              0              0
              0              0              0              0              0              0              0              0              0              0              0              0              0              0              0  5.5585113e-06              0
              0              0              0              0              0              0              0              0              0              0              0              0              0              0              0              0  0.00040225491
Info in <Minuit2>: MnSeedGenerator run Hesse - new state: 
  Minimum value : -74514.62606
  Edm           : 1421.665892
  Internal parameters:
    -0.7457207858
     0.5298280318
    -0.9691994303
    -0.8618671442
     -1.245093736
     -1.135255376
      -1.12343224
     -1.411479667
     0.1515836742
    -0.8509296023
    -0.2029580959
     -1.305176499
     -1.310801835
    -0.7684131539
    -0.6853871844
     -1.485490177
    0.05002085681
  Internal gradient  :
      1505.343049
      34.60370622
  2.212859153e-06
  1.711316125e-06
     -2901.750481
     -3093.446039
  5.969877635e-05
     -4397.204303
      106.5201127
   3.18101526e-05
      2568.561285
      1750.259825
     -35.26550062
  1.147786659e-06
   9.43904177e-07
     -16998.63937
      2427.456817
  Internal covariance matrix:
  3.5228117e-05 -2.2376788e-07 -2.3164353e-14  5.7922444e-14 -2.3583604e-07 -2.4437791e-08  1.6437921e-14 -1.6364528e-06  -7.596598e-06 -3.6121083e-16 -6.7139137e-07  6.2641368e-06  1.2526322e-07  2.0096748e-13  4.2639868e-13  4.9340915e-06 -3.5445777e-05
 -2.2376788e-07  6.0426518e-05  2.7157613e-16  2.4959063e-14  1.3192195e-08 -3.2083944e-08  7.0831801e-15  1.2297262e-07  3.1667367e-07 -3.6821267e-15 -3.5188459e-07 -1.6752427e-07  1.0315293e-06 -2.3561188e-15  2.2889596e-13 -3.6840983e-07 -2.8603324e-08
 -2.3164353e-14  2.7157613e-16  3.8033671e-05  2.0141759e-14  2.5536562e-15   3.142565e-16  5.7160682e-15  2.4953965e-15   6.789745e-15 -2.9256721e-15 -1.7054027e-15 -7.7006212e-15 -2.4227478e-14 -4.3008789e-22  1.8258758e-13  -1.110707e-14  4.4177779e-14
  5.7922444e-14  2.4959063e-14  2.0141759e-14  6.3593879e-05  -6.433815e-16 -4.1911613e-15   5.282588e-23 -9.6942378e-15  2.9326865e-14 -4.8702455e-24 -1.9204299e-14   3.206831e-14  6.2042106e-16   1.747443e-13  1.1822551e-21  1.5840358e-14 -1.5808169e-13
 -2.3583604e-07  1.3192195e-08  2.5536562e-15  -6.433815e-16  7.7739113e-07 -8.8657363e-09 -1.8258646e-16  6.7247892e-08  7.1028163e-07   1.660743e-17  4.6674797e-08  -1.624111e-07 -8.5876262e-09 -2.2154811e-14 -3.2739602e-15 -2.0371905e-07   1.345726e-06
 -2.4437791e-08 -3.2083944e-08   3.142565e-16 -4.1911613e-15 -8.8657363e-09  1.3012822e-06 -1.1894176e-15  1.0021184e-07  9.8633698e-08  -4.923858e-16 -9.6589689e-08 -8.0469861e-08  1.1207464e-08  -2.726402e-15 -3.6725806e-14 -3.0857216e-07  1.3052697e-06
  1.6437921e-14  7.0831801e-15  5.7160682e-15   5.282588e-23 -1.8258646e-16 -1.1894176e-15   5.121714e-06 -2.7511462e-15  8.3227268e-15 -2.2615339e-24 -5.4500246e-15  9.1007267e-15  1.7607047e-16 -4.9591017e-14  3.9039655e-22  4.4953655e-15 -4.4862304e-14
 -1.6364528e-06  1.2297262e-07  2.4953965e-15 -9.6942378e-15  6.7247892e-08  1.0021184e-07 -2.7511462e-15  2.4126448e-06  3.2189492e-07   6.990222e-16 -6.5894549e-07 -1.2937306e-06 -7.4946288e-08 -2.1649366e-14 -6.7500048e-14 -1.3872706e-06  7.4872294e-06
  -7.596598e-06  3.1667367e-07   6.789745e-15  2.9326865e-14  7.1028163e-07  9.8633698e-08  8.3227268e-15  3.2189492e-07  0.00021067534 -6.9061631e-15 -7.8304239e-07 -4.6498209e-06 -3.5409005e-07 -5.8905938e-14  3.3909782e-13 -9.0289625e-07  1.7733477e-05
 -3.6121083e-16 -3.6821267e-15 -2.9256721e-15 -4.8702455e-24   1.660743e-17  -4.923858e-16 -2.2615339e-24   6.990222e-16 -6.9061631e-15  1.3417507e-06  2.9185326e-15  1.7215254e-15 -5.3999787e-17  2.5382317e-14 -9.9358121e-23 -1.6189713e-16  8.1745583e-15
 -6.7139137e-07 -3.5188459e-07 -1.7054027e-15 -1.9204299e-14  4.6674797e-08 -9.6589689e-08 -5.4500246e-15 -6.5894549e-07 -7.8304239e-07  2.9185326e-15  5.1537618e-05  6.8174803e-07  1.5030184e-07  1.4795599e-14 -1.8482859e-13  1.9850256e-06 -2.0712014e-05
  6.2641368e-06 -1.6752427e-07 -7.7006212e-15   3.206831e-14  -1.624111e-07 -8.0469861e-08  9.1007267e-15 -1.2937306e-06 -4.6498209e-06  1.7215254e-15  6.8174803e-07  2.0466621e-05  8.8948646e-08  6.6808447e-14 -3.1696311e-14  3.8834488e-06 -2.8592547e-05
  1.2526322e-07  1.0315293e-06 -2.4227478e-14  6.2042106e-16 -8.5876262e-09  1.1207464e-08  1.7607047e-16 -7.4946288e-08 -3.5409005e-07 -5.3999787e-17  1.5030184e-07  8.8948646e-08  9.1477825e-05  2.1019086e-13  4.2230349e-15  1.9923599e-07  2.2609585e-07
  2.0096748e-13 -2.3561188e-15 -4.3008789e-22   1.747443e-13 -2.2154811e-14  -2.726402e-15 -4.9591017e-14 -2.1649366e-14 -5.8905938e-14  2.5382317e-14  1.4795599e-14  6.6808447e-14  2.1019086e-13   0.0028627207  -1.584079e-12  9.6361849e-14 -3.8327412e-13
  4.2639868e-13  2.2889596e-13  1.8258758e-13  1.1822551e-21 -3.2739602e-15 -3.6725806e-14  3.9039655e-22 -6.7500048e-14  3.3909782e-13 -9.9358121e-23 -1.8482859e-13 -3.1696311e-14  4.2230349e-15  -1.584079e-12   0.0052259047  8.2420978e-14 -9.8262751e-13
  4.9340915e-06 -3.6840983e-07  -1.110707e-14  1.5840358e-14 -2.0371905e-07 -3.0857216e-07  4.4953655e-15 -1.3872706e-06 -9.0289625e-07 -1.6189713e-16  1.9850256e-06  3.8834488e-06  1.9923599e-07  9.6361849e-14  8.2420978e-14  7.5314475e-06 -2.1579578e-05
 -3.5445777e-05 -2.8603324e-08  4.4177779e-14 -1.5808169e-13   1.345726e-06  1.3052697e-06 -4.4862304e-14  7.4872294e-06  1.7733477e-05  8.1745583e-15 -2.0712014e-05 -2.8592547e-05  2.2609585e-07 -3.8327412e-13 -9.8262751e-13 -2.1579578e-05  0.00050004275
Info in <Minuit2>: VariableMetricBuilder Start iterating until Edm is < 0.001 with call limit = 8500
Info in <Minuit2>: VariableMetricBuilder    0 - FCN =      -74514.62606 Edm =       1421.665892 NCalls =    402
Info in <Minuit2>: VariableMetricBuilder    1 - FCN =      -75498.11665 Edm =       270.4688657 NCalls =    446
Info in <Minuit2>: VariableMetricBuilder    2 - FCN =      -75683.01168 Edm =       8.661443322 NCalls =    484
Info in <Minuit2>: VariableMetricBuilder    3 - FCN =      -75695.48327 Edm =      0.8140259069 NCalls =    520
Info in <Minuit2>: VariableMetricBuilder    4 - FCN =       -75696.7376 Edm =     0.09230320712 NCalls =    556
Info in <Minuit2>: VariableMetricBuilder    5 - FCN =      -75696.90005 Edm =    0.001188574224 NCalls =    592
Info in <Minuit2>: VariableMetricBuilder    6 - FCN =      -75696.90134 Edm =   5.325123407e-06 NCalls =    628
Info in <Minuit2>: VariableMetricBuilder After Hessian
Info in <Minuit2>: VariableMetricBuilder    7 - FCN =      -75696.90134 Edm =   7.087133806e-06 NCalls =    859
Minuit2Minimizer : Valid minimum - status = 0
FVAL  = -75696.9013410894695
Edm   = 7.0871338062318883e-06
Nfcn  = 859
#alpha_{RT1}^{4}	  = 1.60435	 +/-  0.0135018	(limited)
#alpha_{RT2}^{4}	  = -2.47274	 +/-  0.0238949	(limited)
#alpha_{WT1}^{4}	  = 0.877834	 +/-  0.0123402	(limited)
#alpha_{WT2}^{4}	  = 1.2047	 +/-  0.0183551	(limited)
#sigma_{RT1}^{4}	  = 0.0263132	 +/-  9.91079e-05	(limited)
#sigma_{RT2}^{4}	  = 0.0468149	 +/-  0.000169586	(limited)
#sigma_{WT1}^{4}	  = 0.0492047	 +/-  0.00034613	(limited)
Yield	  = 6264.01	 +/-  86.6496	(limited)
f^{RT4}	  = 0.570532	 +/-  0.00507417	(limited)
f_{M}^{4}	  = 0.124053	 +/-  0.00027	(limited)
mean_{RT}^{4}	  = 5.27584	 +/-  0.000508693	(limited)
n_{RT1}^{4}	  = 3.50115	 +/-  0.0702011	(limited)
n_{RT2}^{4}	  = 3.37787	 +/-  0.174819	(limited)
n_{WT1}^{4}	  = 15.2578	 +/-  1.35969	(limited)
n_{WT2}^{4}	  = 18.358	 +/-  1.97765	(limited)
nbkg	  = 3261.18	 +/-  95.2659	(limited)
slope	  = -5.13743	 +/-  0.198051	(limited)
Info in <Minuit2>: Minuit2Minimizer::Hesse Using max-calls 8500
Info in <Minuit2>: Minuit2Minimizer::Hesse Hesse is valid - matrix is accurate
fit with Hesse strategy 2 done, now Minos
Minuit2Minimizer: Minimize with max-calls 8500 convergence for edm < 1 strategy 2
Info in <Minuit2>: MnSeedGenerator Initial state: FCN =      -75696.90134 Edm =   5.705132857e-06 NCalls =     35
Info in <Minuit2>: MnSeedGenerator run Hesse - new state: 
  Minimum value : -75696.90134
  Edm           : 7.086870709e-06
  Internal parameters:
    -0.7465759635
     0.5299062621
    -0.9691999304
    -0.8618678134
     -1.244929745
     -1.134611806
     -1.123432336
      -1.41233957
     0.1415359855
    -0.8509296162
    -0.2440520182
     -1.305437055
     -1.310179061
    -0.7684381303
     -0.685425753
     -1.416638395
    -0.5395415759
  Internal gradient  :
     0.3590212982
    0.02067580048
    -0.0262520338
   -0.02101238198
    -0.8453570965
     0.2583632566
   -0.03756342823
       1.55534757
   -0.05255423609
   -0.02055539333
     0.1241935462
    -0.8430975708
    -0.0763835362
   -0.01742093204
   -0.01473640123
     0.6022456234
   -0.01712195686
  Internal covariance matrix:
  2.7068372e-05 -4.9510831e-08 -1.3397439e-14 -1.3261926e-15  3.3664964e-08  4.2032853e-08 -9.8696318e-15 -2.9823869e-07 -9.9222196e-07  2.3425771e-15 -1.7264813e-06 -1.7606065e-08  3.7451798e-08 -2.3319033e-13 -1.5691679e-13  8.0901363e-07  2.0174527e-06
 -4.9510831e-08  6.1352206e-05 -1.8769321e-14  3.9139812e-16  1.0486535e-08 -2.5042594e-08  1.2844145e-16  2.0797763e-07 -3.0523765e-07 -3.5342879e-15  -2.411601e-07 -1.9724007e-08  3.3232628e-07  3.0346932e-15 -2.1983467e-13 -1.4207035e-07 -9.0949908e-06
 -1.3397439e-14 -1.8769321e-14  3.8033754e-05 -1.9826386e-14  2.1165305e-15  9.1601857e-17 -5.6266529e-15  9.2888979e-16 -3.6151772e-14  9.4443561e-24  2.0213418e-14  9.3477284e-15 -6.4769275e-16 -1.3294123e-13  7.3889131e-22  2.1985706e-15 -9.2728995e-14
 -1.3261926e-15  3.9139812e-16 -1.9826386e-14  6.3594028e-05  9.0704348e-17  3.9801001e-15  2.2448853e-23   6.017641e-15 -2.6731748e-15 -3.7239464e-15 -1.9987592e-15 -7.6087535e-16 -3.1218981e-14  5.3040027e-22 -2.3221548e-13 -1.2196793e-14 -1.6695863e-15
  3.3664964e-08  1.0486535e-08  2.1165305e-15  9.0704348e-17  7.6675044e-07 -8.9241748e-09  1.3934767e-17  2.6316871e-08  3.9910637e-07  4.0358641e-16 -3.4517072e-08  7.8241853e-09 -7.6277542e-09  3.2923751e-16  2.4789751e-14 -5.8489698e-08 -4.4355882e-07
  4.2032853e-08 -2.5042594e-08  9.1601857e-17  3.9801001e-15 -8.9241748e-09  1.2889853e-06  1.1147958e-15  8.7668025e-08  2.2168127e-07  2.4750608e-17 -6.5247939e-08  1.0374385e-08 -1.8655946e-10   2.633934e-14  1.0728819e-15 -1.4753652e-07 -2.3913092e-06
 -9.8696318e-15  1.2844145e-16 -5.6266529e-15  2.2448853e-23  1.3934767e-17  1.1147958e-15  5.1217171e-06  1.8123802e-15 -4.1065047e-16 -1.0568418e-15  3.8261306e-17 -2.0975883e-16 -8.8729629e-15  2.3230875e-22 -6.5901871e-14 -3.7451362e-15 -1.1813716e-15
 -2.9823869e-07  2.0797763e-07  9.2888979e-16   6.017641e-15  2.6316871e-08  8.7668025e-08  1.8123802e-15  2.4123045e-06 -9.4564762e-07   1.209351e-16 -1.2046937e-07    -1.5824e-07  -1.491415e-07  4.2821206e-14  1.0879572e-14 -7.2127486e-07 -9.9743023e-06
 -9.9222196e-07 -3.0523765e-07 -3.6151772e-14 -2.6731748e-15  3.9910637e-07  2.2168127e-07 -4.1065047e-16 -9.4564762e-07  0.00021016711 -6.9684196e-15     2.1284e-06 -1.9113883e-07  1.1416613e-07  -9.702461e-15 -4.2342569e-13  1.2952696e-06  3.1517587e-05
  2.3425771e-15 -3.5342879e-15  9.4443561e-24 -3.7239464e-15  4.0358641e-16  2.4750608e-17 -1.0568418e-15   1.209351e-16 -6.9684196e-15  1.3417507e-06  3.4867247e-15  1.7526028e-15 -1.1493181e-16  -2.497006e-14  1.1061652e-22  5.5817708e-16 -1.7054934e-14
 -1.7264813e-06  -2.411601e-07  2.0213418e-14 -1.9987592e-15 -3.4517072e-08 -6.5247939e-08  3.8261306e-17 -1.2046937e-07     2.1284e-06  3.4867247e-15    5.49637e-05  -3.487964e-07  2.8550213e-08  9.0400197e-16  2.3674858e-13   1.542861e-06 -2.0637364e-05
 -1.7606065e-08 -1.9724007e-08  9.3477284e-15 -7.6087535e-16  7.8241853e-09  1.0374385e-08 -2.0975883e-16    -1.5824e-07 -1.9113883e-07  1.7526028e-15  -3.487964e-07  1.4330861e-05  1.3398096e-08 -4.9559834e-15  1.0948477e-13  4.5466205e-07  2.1503766e-07
  3.7451798e-08  3.3232628e-07 -6.4769275e-16 -3.1218981e-14 -7.6277542e-09 -1.8655946e-10 -8.8729629e-15  -1.491415e-07  1.1416613e-07 -1.1493181e-16  2.8550213e-08  1.3398096e-08  9.2058921e-05 -2.0964198e-13 -7.5860667e-15  7.3394643e-08  6.5826709e-06
 -2.3319033e-13  3.0346932e-15 -1.3294123e-13  5.3040027e-22  3.2923751e-16   2.633934e-14  2.3230875e-22  4.2821206e-14  -9.702461e-15  -2.497006e-14  9.0400197e-16 -4.9559834e-15 -2.0964198e-13   0.0028629283 -1.5570671e-12 -8.8486537e-14 -2.7912332e-14
 -1.5691679e-13 -2.1983467e-13  7.3889131e-22 -2.3221548e-13  2.4789751e-14  1.0728819e-15 -6.5901871e-14  1.0879572e-14 -4.2342569e-13  1.1061652e-22  2.3674858e-13  1.0948477e-13 -7.5860667e-15 -1.5570671e-12   0.0052264005  2.5750641e-14 -1.0860834e-12
  8.0901363e-07 -1.4207035e-07  2.1985706e-15 -1.2196793e-14 -5.8489698e-08 -1.4753652e-07 -3.7451362e-15 -7.2127486e-07  1.2952696e-06  5.5817708e-16   1.542861e-06  4.5466205e-07  7.3394643e-08 -8.8486537e-14  2.5750641e-14  1.0180822e-05 -2.7728783e-05
  2.0174527e-06 -9.0949908e-06 -9.2728995e-14 -1.6695863e-15 -4.4355882e-07 -2.3913092e-06 -1.1813716e-15 -9.9743023e-06  3.1517587e-05 -1.7054934e-14 -2.0637364e-05  2.1503766e-07  6.5826709e-06 -2.7912332e-14 -1.0860834e-12 -2.7728783e-05   0.0010660426
Info in <Minuit2>: VariableMetricBuilder Start iterating until Edm is < 0.001 with call limit = 8500
Info in <Minuit2>: VariableMetricBuilder    0 - FCN =      -75696.90134 Edm =   7.086870709e-06 NCalls =    266
Info in <Minuit2>: VariableMetricBuilder    1 - FCN =      -75696.90135 Edm =   1.952853068e-08 NCalls =    301
Info in <Minuit2>: VariableMetricBuilder After Hessian
Info in <Minuit2>: VariableMetricBuilder    2 - FCN =      -75696.90135 Edm =   1.089788518e-11 NCalls =    572
Minuit2Minimizer : Valid minimum - status = 0
FVAL  = -75696.9013481767906
Edm   = 1.08978851810721299e-11
Nfcn  = 572
#alpha_{RT1}^{4}	  = 1.60434	 +/-  0.0135019	(limited)
#alpha_{RT2}^{4}	  = -2.47274	 +/-  0.0238949	(limited)
#alpha_{WT1}^{4}	  = 0.877836	 +/-  0.0123402	(limited)
#alpha_{WT2}^{4}	  = 1.2047	 +/-  0.0183551	(limited)
#sigma_{RT1}^{4}	  = 0.0263132	 +/-  9.91082e-05	(limited)
#sigma_{RT2}^{4}	  = 0.0468148	 +/-  0.000169588	(limited)
#sigma_{WT1}^{4}	  = 0.0492047	 +/-  0.00034613	(limited)
Yield	  = 6263.87	 +/-  86.6492	(limited)
f^{RT4}	  = 0.570535	 +/-  0.0050742	(limited)
f_{M}^{4}	  = 0.124053	 +/-  0.00027	(limited)
mean_{RT}^{4}	  = 5.27584	 +/-  0.000508676	(limited)
n_{RT1}^{4}	  = 3.50131	 +/-  0.0702007	(limited)
n_{RT2}^{4}	  = 3.37797	 +/-  0.174819	(limited)
n_{WT1}^{4}	  = 15.2587	 +/-  1.35967	(limited)
n_{WT2}^{4}	  = 18.3595	 +/-  1.9776	(limited)
nbkg	  = 3261.06	 +/-  95.2417	(limited)
slope	  = -5.13719	 +/-  0.197994	(limited)
Info in <Minuit2>: Minuit2Minimizer::Hesse Using max-calls 8500
Info in <Minuit2>: Minuit2Minimizer::Hesse Hesse is valid - matrix is accurate
******************************************************************************************************
Minuit2Minimizer::GetMinosError - Run MINOS LOWER error for parameter #0 : #alpha_{RT1}^{4} using max-calls 8500, tolerance 1
Info in <Minuit2>: MnMinos Determination of lower Minos error for parameter 0
Info in <Minuit2>: MnFunctionCross Run Migrad with fixed parameters:
  Pos 0: #alpha_{RT1}^{4} = 1.59083
Info in <Minuit2>: MnSeedGenerator Initial state: FCN =      -75696.40113 Edm =   1.284389692e-06 NCalls =     33
Info in <Minuit2>: VariableMetricBuilder Start iterating until Edm is < 0.0005 with call limit = 8500
Info in <Minuit2>: VariableMetricBuilder    0 - FCN =      -75696.40113 Edm =   1.284389692e-06 NCalls =     33
Info in <Minuit2>: VariableMetricBuilder    1 - FCN =      -75696.40113 Edm =   6.057641979e-07 NCalls =     68
Info in <Minuit2>: MnFunctionCross Result after Migrad FCN =      -75696.40113 Edm =   6.057641979e-07 NCalls =     68 
  Pos |    Name    |  type   |      Value       |    Error +/-
    0 | #alpha_{RT1}^{4} |  fixed  |      1.590832522 | 0.01350277697
    1 | #alpha_{RT2}^{4} | limited |     -2.472710842 | 0.02389232822
    2 | #alpha_{WT1}^{4} | limited |     0.8778351497 | 0.01234392637
    3 | #alpha_{WT2}^{4} | limited |       1.20470219 | 0.01836028774
    4 | #sigma_{RT1}^{4} | limited |    0.02631247821 | 9.910466787e-05
    5 | #sigma_{RT2}^{4} | limited |    0.04681362979 | 0.0001696432043
    6 | #sigma_{WT1}^{4} | limited |    0.04920473825 | 0.0003461469572
    7 |      Yield | limited |      6267.100773 |  86.05934895
    8 |    f^{RT4} | limited |     0.5706017002 | 0.005074487858
    9 |  f_{M}^{4} | limited |     0.1240531977 | 0.0002700011851
   10 | mean_{RT}^{4} | limited |      5.275858829 | 0.0005077686225
   11 | n_{RT1}^{4} | limited |      3.501370962 | 0.07021066891
   12 | n_{RT2}^{4} | limited |      3.377812378 | 0.1755014053
   13 | n_{WT1}^{4} | limited |      15.25846244 |  1.371847342
   14 | n_{WT2}^{4} | limited |      18.35909998 |  2.000230176
   15 |       nbkg | limited |      3256.387973 |   96.8188237
   16 |      slope | limited |     -5.139638553 | 0.1784728306
Info in <Minuit2>: MnMinos end of Minos scan for low interval for parameter #alpha_{RT1}^{4}
******************************************************************************************************
Minuit2Minimizer::GetMinosError - Run MINOS UPPER error for parameter #0 : #alpha_{RT1}^{4} using max-calls 8500, tolerance 1
Info in <Minuit2>: MnMinos Determination of upper Minos error for parameter 0
Info in <Minuit2>: MnFunctionCross Run Migrad with fixed parameters:
  Pos 0: #alpha_{RT1}^{4} = 1.61784
Info in <Minuit2>: MnSeedGenerator Initial state: FCN =      -75696.40132 Edm =   1.789301528e-06 NCalls =     33
Info in <Minuit2>: VariableMetricBuilder Start iterating until Edm is < 0.0005 with call limit = 8500
