
[1mRooFit v3.60 -- Developed by Wouter Verkerke and David Kirkby[0m 
                Copyright (C) 2000-2013 NIKHEF, University of California & Stanford University
                All rights reserved, please read http://roofit.sourceforge.net/license.txt

Error in <TUnixSystem::FindDynamicLibrary>: ../utils/func_roofit/libRooGaussDoubleSidedExp[.so | .dll | .dylib | .sl | .dl | .a] does not exist in /cvmfs/sw.el7/gcc63/root/6.24.06/b01/lib64:/cvmfs/sw.el7/gcc63/root/6.24.06/b01/lib:/cvmfs/sw.el7/gcc63/pythia/8.2.40/b02/lib:/cvmfs/sw.el7/gcc/6.3/lib64:/cvmfs/sw.el7/gcc/6.3/lib:/cvmfs/sw.el7/gcc/6.3/libexec/gcc/x86_64-unknown-linux-gnu/6.3.1:.:/cvmfs/sw.el7/gcc63/root/6.24.06/b01/lib:/lib64/tls/x86_64:/lib64/tls:/lib64/x86_64:/lib64:/usr/lib64/tls/x86_64:/usr/lib64/tls:/usr/lib64/x86_64:/usr/lib64:/cvmfs/sw.el7/gcc63/root/6.24.06/b01/python/lib:/cvmfs/sw.el7/gcc63/root/6.24.06
start function declaration
mc file name: /lstore/cms/boletti/Run2-BdToKstarMuMu/2018MC_LMNR_newphi_punzi_removeTkMu_fixBkg_B0Psicut_addxcutvariable.root
data file name: /lstore/cms/boletti/Run2-BdToKstarMuMu/2018data_newphi_punzi_removeTkMu_fixBkg_B0Psicut_addxcutvariable.root
reading data...
[#0] ERROR:InputArguments -- Didn't find a branch in Tree 'ntuple' to read variable 'weight' from.
	Note: Name the RooFit variable the same as the branch.
it worked :)
reading monte carlo...
dimuon selection:  rejectPsi
now fitting:  0  for  correctTag  
fitting the mc...
 **********
 **    1 **SET PRINT           1
 **********
 **********
 **    2 **SET NOGRAD
 **********
 PARAMETER DEFINITIONS:
    NO.   NAME         VALUE      STEP SIZE      LIMITS
     1 #alpha_{RT1}^{0}   5.00000e-01  2.50000e-01    0.00000e+00  1.00000e+01
     2 #alpha_{RT2}^{0}   2.50000e+00  1.00000e+00    0.00000e+00  1.00000e+01
     3 #sigma_{RT1}^{0}   3.00000e-02  1.50000e-02    0.00000e+00  1.00000e+00
     4 mean_{RT}^{0}   5.27958e+00  2.00000e-02    5.20000e+00  5.40000e+00
     5 n_{RT1}^{0}   1.00000e+00  4.95000e-01    1.00000e-02  2.00000e+01
     6 n_{RT2}^{0}   1.00000e+00  4.95000e-01    1.00000e-02  1.00000e+02
 **********
 **    3 **SET ERR         0.5
 **********
 **********
 **    4 **SET PRINT           1
 **********
 **********
 **    5 **SET STR           1
 **********
 NOW USING STRATEGY  1: TRY TO BALANCE SPEED AGAINST RELIABILITY
 **********
 **    6 **MIGRAD        3000           1
 **********
 FIRST CALL TO USER FUNCTION AT NEW START POINT, WITH IFLAG=4.
 START MIGRAD MINIMIZATION.  STRATEGY  1.  CONVERGENCE WHEN EDM .LT. 1.00e-03
 FCN=-124212 FROM MIGRAD    STATUS=INITIATE       24 CALLS          25 TOTAL
                     EDM= unknown      STRATEGY= 1      NO ERROR MATRIX       
  EXT PARAMETER               CURRENT GUESS       STEP         FIRST   
  NO.   NAME      VALUE            ERROR          SIZE      DERIVATIVE 
   1  #alpha_{RT1}^{0}   5.00000e-01   2.50000e-01   1.18625e-01  -1.08727e+05
   2  #alpha_{RT2}^{0}   2.50000e+00   1.00000e+00   2.35352e-01   1.75364e+04
   3  #sigma_{RT1}^{0}   3.00000e-02   1.50000e-02   9.09734e-02  -5.19606e+04
   4  mean_{RT}^{0}   5.27958e+00   2.00000e-02   2.05952e-01  -6.41547e+04
   5  n_{RT1}^{0}   1.00000e+00   4.95000e-01   1.18032e-01  -6.62305e+04
   6  n_{RT2}^{0}   1.00000e+00   4.95000e-01   5.17524e-02   9.35757e+03
                               ERR DEF= 0.5
 MIGRAD MINIMIZATION HAS CONVERGED.
 MIGRAD WILL VERIFY CONVERGENCE AND ERROR MATRIX.
 COVARIANCE MATRIX CALCULATED SUCCESSFULLY
 FCN=-154112 FROM MIGRAD    STATUS=CONVERGED     345 CALLS         346 TOTAL
                     EDM=3.32551e-05    STRATEGY= 1      ERROR MATRIX ACCURATE 
  EXT PARAMETER                                   STEP         FIRST   
  NO.   NAME      VALUE            ERROR          SIZE      DERIVATIVE 
   1  #alpha_{RT1}^{0}   1.21723e+00   2.31395e-02   5.24501e-04   4.70354e-01
   2  #alpha_{RT2}^{0}   1.28523e+00   2.38299e-02   6.25649e-04  -6.83870e-01
   3  #sigma_{RT1}^{0}   3.07743e-02   2.54991e-04   1.64304e-04   3.40543e+00
   4  mean_{RT}^{0}   5.27969e+00   1.66380e-04   3.56416e-04  -5.63247e-01
   5  n_{RT1}^{0}   3.94134e+00   1.77759e-01   2.29372e-03   3.04456e-01
   6  n_{RT2}^{0}   9.23748e+00   7.13188e-01   3.09477e-03   2.49301e-02
                               ERR DEF= 0.5
 EXTERNAL ERROR MATRIX.    NDIM=  25    NPAR=  6    ERR DEF=0.5
  5.354e-04  2.599e-04  4.331e-06 -1.707e-06 -3.620e-03 -2.980e-03 
  2.599e-04  5.679e-04  4.313e-06  5.208e-07 -1.144e-03 -1.361e-02 
  4.331e-06  4.313e-06  6.502e-08 -8.890e-09 -2.074e-05 -5.642e-05 
 -1.707e-06  5.208e-07 -8.890e-09  2.768e-08  1.111e-05 -2.156e-05 
 -3.620e-03 -1.144e-03 -2.074e-05  1.111e-05  3.160e-02  1.155e-02 
 -2.980e-03 -1.361e-02 -5.642e-05 -2.156e-05  1.155e-02  5.087e-01 
 PARAMETER  CORRELATION COEFFICIENTS  
       NO.  GLOBAL      1      2      3      4      5      6
        1  0.96190   1.000  0.471  0.734 -0.443 -0.880 -0.181
        2  0.94601   0.471  1.000  0.710  0.131 -0.270 -0.801
        3  0.91186   0.734  0.710  1.000 -0.210 -0.457 -0.310
        4  0.63349  -0.443  0.131 -0.210  1.000  0.376 -0.182
        5  0.92577  -0.880 -0.270 -0.457  0.376  1.000  0.091
        6  0.88598  -0.181 -0.801 -0.310 -0.182  0.091  1.000
 **********
 **    7 **SET ERR         0.5
 **********
 **********
 **    8 **SET PRINT           1
 **********
 **********
 **    9 **HESSE        3000
 **********
 COVARIANCE MATRIX CALCULATED SUCCESSFULLY
 FCN=-154112 FROM HESSE     STATUS=OK             40 CALLS         386 TOTAL
                     EDM=3.42575e-05    STRATEGY= 1      ERROR MATRIX ACCURATE 
  EXT PARAMETER                                INTERNAL      INTERNAL  
  NO.   NAME      VALUE            ERROR       STEP SIZE       VALUE   
   1  #alpha_{RT1}^{0}   1.21723e+00   2.38059e-02   2.09800e-05  -8.58028e-01
   2  #alpha_{RT2}^{0}   1.28523e+00   2.47121e-02   2.50260e-05  -8.37474e-01
   3  #sigma_{RT1}^{0}   3.07743e-02   2.59927e-04   3.28609e-05  -1.21812e+00
   4  mean_{RT}^{0}   5.27969e+00   1.67372e-04   7.12831e-05  -2.04485e-01
   5  n_{RT1}^{0}   3.94134e+00   1.82374e-01   9.17488e-05  -6.51864e-01
   6  n_{RT2}^{0}   9.23748e+00   7.38698e-01   1.23791e-04  -9.53475e-01
                               ERR DEF= 0.5
 EXTERNAL ERROR MATRIX.    NDIM=  25    NPAR=  6    ERR DEF=0.5
  5.667e-04  2.829e-04  4.590e-06 -1.778e-06 -3.845e-03 -3.463e-03 
  2.829e-04  6.107e-04  4.599e-06  5.353e-07 -1.278e-03 -1.485e-02 
  4.590e-06  4.599e-06  6.756e-08 -9.250e-09 -2.247e-05 -6.358e-05 
 -1.778e-06  5.353e-07 -9.250e-09  2.801e-08  1.169e-05 -2.276e-05 
 -3.845e-03 -1.278e-03 -2.247e-05  1.169e-05  3.327e-02  1.400e-02 
 -3.463e-03 -1.485e-02 -6.358e-05 -2.276e-05  1.400e-02  5.458e-01 
 PARAMETER  CORRELATION COEFFICIENTS  
       NO.  GLOBAL      1      2      3      4      5      6
        1  0.96404   1.000  0.481  0.742 -0.446 -0.886 -0.197
        2  0.94991   0.481  1.000  0.716  0.129 -0.284 -0.813
        3  0.91533   0.742  0.716  1.000 -0.213 -0.474 -0.331
        4  0.63906  -0.446  0.129 -0.213  1.000  0.383 -0.184
        5  0.92962  -0.886 -0.284 -0.474  0.383  1.000  0.104
        6  0.89417  -0.197 -0.813 -0.331 -0.184  0.104  1.000
fit status:  0 3
doublecb_RT0  -----> plotting  
Info in <TCanvas::MakeDefCanvas>:  created default TCanvas with name c1
setting nRT to  92305.0
Info in <TCanvas::Print>: pdf file fit_results_mass_checkOnMC/newbdt_puw/save_fit_mc_0_2018_RT_newSigmaFRT_asInANv8.pdf has been created
now fitting:  0  for   wrongTag
fitting the mc...
 **********
 **   10 **SET PRINT           1
 **********
 **********
 **   11 **SET NOGRAD
 **********
 PARAMETER DEFINITIONS:
    NO.   NAME         VALUE      STEP SIZE      LIMITS
     1 #alpha_{WT1}^{0}   5.00000e-01  2.50000e-01    0.00000e+00  1.00000e+01
     2 #alpha_{WT2}^{0}   2.50000e+00  1.00000e+00    0.00000e+00  1.00000e+01
     3 #sigma_{WT1}^{0}   3.00000e-02  1.50000e-02    0.00000e+00  1.00000e+00
     4 mean_{WT}^{0}   5.27958e+00  1.00000e-01    5.00000e+00  6.00000e+00
     5 n_{WT1}^{0}   1.00000e+00  4.95000e-01    1.00000e-02  1.00000e+02
     6 n_{WT2}^{0}   1.00000e+00  4.95000e-01    1.00000e-02  1.00000e+02
 **********
 **   12 **SET ERR         0.5
 **********
 **********
 **   13 **SET PRINT           1
 **********
 **********
 **   14 **SET STR           1
 **********
 NOW USING STRATEGY  1: TRY TO BALANCE SPEED AGAINST RELIABILITY
 **********
 **   15 **MIGRAD        3000           1
 **********
 FIRST CALL TO USER FUNCTION AT NEW START POINT, WITH IFLAG=4.
 START MIGRAD MINIMIZATION.  STRATEGY  1.  CONVERGENCE WHEN EDM .LT. 1.00e-03
 FCN=-11057.2 FROM MIGRAD    STATUS=INITIATE       24 CALLS          25 TOTAL
                     EDM= unknown      STRATEGY= 1      NO ERROR MATRIX       
  EXT PARAMETER               CURRENT GUESS       STEP         FIRST   
  NO.   NAME      VALUE            ERROR          SIZE      DERIVATIVE 
   1  #alpha_{WT1}^{0}   5.00000e-01   2.50000e-01   1.18625e-01  -9.36579e+03
   2  #alpha_{WT2}^{0}   2.50000e+00   1.00000e+00   2.35352e-01   6.52576e+03
   3  #sigma_{WT1}^{0}   3.00000e-02   1.50000e-02   9.09734e-02  -1.70775e+04
   4  mean_{WT}^{0}   5.27958e+00   1.00000e-01   2.26180e-01  -2.90662e+04
   5  n_{WT1}^{0}   1.00000e+00   4.95000e-01   5.17524e-02  -1.87040e+04
   6  n_{WT2}^{0}   1.00000e+00   4.95000e-01   5.17524e-02   4.96395e+03
                               ERR DEF= 0.5
 MIGRAD MINIMIZATION HAS CONVERGED.
 MIGRAD WILL VERIFY CONVERGENCE AND ERROR MATRIX.
 COVARIANCE MATRIX CALCULATED SUCCESSFULLY
 FCN=-13820.2 FROM MIGRAD    STATUS=CONVERGED     415 CALLS         416 TOTAL
                     EDM=1.65394e-05    STRATEGY= 1      ERROR MATRIX ACCURATE 
  EXT PARAMETER                                   STEP         FIRST   
  NO.   NAME      VALUE            ERROR          SIZE      DERIVATIVE 
   1  #alpha_{WT1}^{0}   7.06155e-01   4.53584e-02   2.94481e-04  -1.23000e-01
   2  #alpha_{WT2}^{0}   1.17298e+00   7.71351e-02   4.82197e-04  -4.07470e-01
   3  #sigma_{WT1}^{0}   4.61227e-02   1.73096e-03   1.72571e-04   9.70511e-01
   4  mean_{WT}^{0}   5.27008e+00   1.03733e-03   1.11747e-04   8.83280e-01
   5  n_{WT1}^{0}   1.07172e+01   3.07038e+00   2.92323e-03   1.13092e-02
   6  n_{WT2}^{0}   1.00085e+01   2.43729e+00   2.89485e-03  -7.17164e-02
                               ERR DEF= 0.5
 EXTERNAL ERROR MATRIX.    NDIM=  25    NPAR=  6    ERR DEF=0.5
  2.058e-03  2.216e-03  6.443e-05 -3.298e-05 -1.077e-01 -2.852e-02 
  2.216e-03  5.951e-03  1.093e-04 -1.952e-05 -5.497e-02 -1.452e-01 
  6.443e-05  1.093e-04  2.996e-06 -1.011e-06 -1.825e-03 -1.569e-03 
 -3.298e-05 -1.952e-05 -1.011e-06  1.076e-06  1.527e-03 -7.537e-05 
 -1.077e-01 -5.497e-02 -1.825e-03  1.527e-03  9.458e+00  5.126e-01 
 -2.852e-02 -1.452e-01 -1.569e-03 -7.537e-05  5.126e-01  5.954e+00 
 PARAMETER  CORRELATION COEFFICIENTS  
       NO.  GLOBAL      1      2      3      4      5      6
        1  0.97885   1.000  0.633  0.821 -0.701 -0.772 -0.258
        2  0.96876   0.633  1.000  0.819 -0.244 -0.232 -0.772
        3  0.96630   0.821  0.819  1.000 -0.563 -0.343 -0.372
        4  0.80826  -0.701 -0.244 -0.563  1.000  0.479 -0.030
        5  0.93073  -0.772 -0.232 -0.343  0.479  1.000  0.068
        6  0.90119  -0.258 -0.772 -0.372 -0.030  0.068  1.000
 **********
 **   16 **SET ERR         0.5
 **********
 **********
 **   17 **SET PRINT           1
 **********
 **********
 **   18 **HESSE        3000
 **********
 COVARIANCE MATRIX CALCULATED SUCCESSFULLY
 FCN=-13820.2 FROM HESSE     STATUS=OK             40 CALLS         456 TOTAL
                     EDM=1.70098e-05    STRATEGY= 1      ERROR MATRIX ACCURATE 
  EXT PARAMETER                                INTERNAL      INTERNAL  
  NO.   NAME      VALUE            ERROR       STEP SIZE       VALUE   
   1  #alpha_{WT1}^{0}   7.06155e-01   4.65894e-02   5.88962e-05  -1.03286e+00
   2  #alpha_{WT2}^{0}   1.17298e+00   7.99454e-02   9.64395e-05  -8.71670e-01
   3  #sigma_{WT1}^{0}   4.61227e-02   1.76520e-03   3.45142e-05  -1.13790e+00
   4  mean_{WT}^{0}   5.27008e+00   1.04578e-03   2.23493e-05  -4.77805e-01
   5  n_{WT1}^{0}   1.07172e+01   3.15825e+00   1.16929e-04  -9.04044e-01
   6  n_{WT2}^{0}   1.00085e+01   2.52430e+00   1.15794e-04  -9.27313e-01
                               ERR DEF= 0.5
 EXTERNAL ERROR MATRIX.    NDIM=  25    NPAR=  6    ERR DEF=0.5
  2.171e-03  2.371e-03  6.757e-05 -3.428e-05 -1.148e-01 -3.236e-02 
  2.371e-03  6.393e-03  1.162e-04 -2.058e-05 -6.034e-02 -1.587e-01 
  6.757e-05  1.162e-04  3.116e-06 -1.041e-06 -1.964e-03 -1.759e-03 
 -3.428e-05 -2.058e-05 -1.041e-06  1.094e-06  1.620e-03 -5.932e-05 
 -1.148e-01 -6.034e-02 -1.964e-03  1.620e-03  1.001e+01  6.100e-01 
 -3.236e-02 -1.587e-01 -1.759e-03 -5.932e-05  6.100e-01  6.387e+00 
 PARAMETER  CORRELATION COEFFICIENTS  
       NO.  GLOBAL      1      2      3      4      5      6
        1  0.97997   1.000  0.636  0.822 -0.704 -0.779 -0.275
        2  0.97096   0.636  1.000  0.823 -0.246 -0.239 -0.786
        3  0.96762   0.822  0.823  1.000 -0.564 -0.352 -0.394
        4  0.81171  -0.704 -0.246 -0.564  1.000  0.490 -0.022
        5  0.93467  -0.779 -0.239 -0.352  0.490  1.000  0.076
        6  0.90823  -0.275 -0.786 -0.394 -0.022  0.076  1.000
Info in <TCanvas::Print>: pdf file fit_results_mass_checkOnMC/newbdt_puw/save_fit_mc_0_2018_WT_newSigmaFRT_asInANv8.pdf has been created
fit status:  0 3
doublecb_0  -----> plotting  
setting nWT to  12519.0
mistag fraction on MC for bin  0  :  0.119428756773 +/- 0.269152750946
constraining var #sigma_{RT1}^{0} :  0.0307743050999  with uncertainty  0.000259926880192
constraining var #alpha_{RT1}^{0} :  1.2172273061  with uncertainty  0.023805901674
constraining var n_{RT1}^{0} :  3.94133908057  with uncertainty  0.182374470065
constraining var #sigma_{WT1}^{0} :  0.0461226616583  with uncertainty  0.00176519765775
constraining var #alpha_{WT1}^{0} :  0.706155420291  with uncertainty  0.0465894428934
constraining var #alpha_{WT2}^{0} :  1.17297608777  with uncertainty  0.079945364585
constraining var n_{WT1}^{0} :  10.717229319  with uncertainty  3.15825085853
constraining var n_{WT2}^{0} :  10.0084523707  with uncertainty  2.52429661864
constraining var #alpha_{RT2}^{0} :  1.28522710684  with uncertainty  0.0247121145597
constraining var n_{RT2}^{0} :  9.23747615353  with uncertainty  0.738697616361
nsig is
104824.0
here
total pdf created
Minuit2Minimizer: Minimize with max-calls 7500 convergence for edm < 1 strategy 2
Info in <Minuit2>: MnSeedGenerator Initial state: FCN =       98025.43718 Edm =       103412.2248 NCalls =     45
Info in <Minuit2>: MnSeedGenerator Negative G2 found - new state: 
  Minimum value : 69500.20493
  Edm           : 80493.74189
  Internal parameters:
     -1.223672121
    -0.8374737664
     -1.032862055
    -0.8716700799
     -1.218119267
     -1.137900314
     -1.506031939
    -0.8650728059
      -1.58453246
     -1.622549255
    -0.9534751415
    -0.9040435291
    -0.9273134744
     -1.422951925
      1.569460378
  Internal gradient  :
 -3.468717129e+10
     -1708.312243
     0.0277731279
    0.01970771763
      16756.84221
    0.03585611438
      2306784.911
    0.01944556106
     -99.15281642
     -18199.83728
      -183.703592
    0.02105309941
    0.02209263771
      14418.74347
      -1.36148023
  Internal covariance matrix:
  1.6821558e-17              0              0              0              0              0              0              0              0              0              0              0              0              0              0
              0  4.7902528e-05              0              0              0              0              0              0              0              0              0              0              0              0              0
              0              0  0.00066146607              0              0              0              0              0              0              0              0              0              0              0              0
              0              0              0   0.0012345621              0              0              0              0              0              0              0              0              0              0              0
              0              0              0              0  3.9856561e-06              0              0              0              0              0              0              0              0              0              0
              0              0              0              0              0  0.00014164751              0              0              0              0              0              0              0              0              0
              0              0              0              0              0              0  5.5244675e-08              0              0              0              0              0              0              0              0
              0              0              0              0              0              0              0   0.0042789653              0              0              0              0              0              0              0
              0              0              0              0              0              0              0              0  0.00027712205              0              0              0              0              0              0
              0              0              0              0              0              0              0              0              0  6.9836042e-06              0              0              0              0              0
              0              0              0              0              0              0              0              0              0              0  0.00071144866              0              0              0              0
              0              0              0              0              0              0              0              0              0              0              0     0.02086738              0              0              0
              0              0              0              0              0              0              0              0              0              0              0              0    0.014163316              0              0
              0              0              0              0              0              0              0              0              0              0              0              0              0  2.0035093e-05              0
              0              0              0              0              0              0              0              0              0              0              0              0              0              0   0.0019625022
Info in <Minuit2>: MnSeedGenerator run Hesse - new state: 
  Minimum value : 69500.20493
  Edm           : 76104.86318
  Internal parameters:
     -1.223672121
    -0.8374737664
     -1.032862055
    -0.8716700799
     -1.218119267
     -1.137900314
     -1.506031939
    -0.8650728059
      -1.58453246
     -1.622549255
    -0.9534751415
    -0.9040435291
    -0.9273134744
     -1.422951925
      1.569460378
  Internal gradient  :
      3421.336844
     -1708.298543
  1.923002235e-06
  3.153008319e-05
      16756.80825
  2.374603216e-06
      2306784.913
   1.29612649e-06
     -99.15303097
     -18199.88562
     -183.6958683
   1.36949255e-06
  1.424834367e-06
      14418.74432
     -1.361468277
  Internal covariance matrix:
   1.682156e-17  1.5877798e-19 -4.1917452e-23  1.3976005e-27 -4.0987666e-19  4.7340304e-28 -2.1310428e-20  7.6924204e-27 -5.0340974e-20   1.409691e-18 -8.7404552e-20  2.3543722e-22  1.6398119e-26  8.2044824e-21  9.2823192e-23
  1.5877798e-19  5.2579477e-05    7.48106e-14 -5.8427347e-15  2.1593533e-06 -1.9790838e-15  8.9060945e-08 -5.8654713e-13 -5.6236475e-08 -1.2501391e-07 -4.7317096e-05 -4.2018774e-13 -9.1540306e-14  6.9015732e-07  4.3387983e-09
 -4.1917452e-23    7.48106e-14  0.00066146607   3.967995e-13  2.9702761e-14  1.3440615e-13 -7.5012338e-16 -7.3872712e-13  1.8859763e-13 -3.1892252e-14  2.7511272e-13 -4.4752802e-21 -1.3439936e-12 -4.9376568e-14  1.0651692e-15
  1.3976005e-27 -5.8427347e-15   3.967995e-13   0.0012345621  4.9622324e-15  3.2760969e-22 -3.8588228e-15 -1.0058175e-21 -1.8897018e-15  -7.722545e-15 -2.4068253e-15 -2.2286987e-12 -1.9193031e-21  3.7243878e-17 -6.8347682e-13
 -4.0987666e-19  2.1593533e-06  2.9702761e-14  4.9622324e-15  4.2348374e-06  1.6808351e-15 -7.5653802e-08 -1.3774803e-13 -9.4393654e-08 -1.3972637e-07     3.9843e-06 -1.6683112e-13 -2.3514374e-13 -1.3995432e-07 -9.7751458e-10
  4.7340304e-28 -1.9790838e-15  1.3440615e-13  3.2760969e-22  1.6808351e-15  0.00014164751  -1.307082e-15 -3.4069614e-22 -6.4009037e-16 -2.6158236e-15 -8.1525332e-16 -7.5491729e-13 -6.5011706e-22  1.2615455e-17 -2.3151109e-13
 -2.1310428e-20  8.9060945e-08 -7.5012338e-16 -3.8588228e-15 -7.5653802e-08  -1.307082e-15  5.8835317e-08  8.5789769e-15   2.881127e-08  1.1774476e-07  3.6659206e-08  4.2132084e-15  1.6970657e-14  1.6649536e-09  5.0913568e-12
  7.6924204e-27 -5.8654713e-13 -7.3872712e-13 -1.0058175e-21 -1.3774803e-13 -3.4069614e-22  8.5789769e-15   0.0042789653 -9.6045039e-13  1.8641628e-14   1.982024e-12 -4.1491992e-12  1.3510641e-20  3.0808207e-15  1.2724455e-12
 -5.0340974e-20 -5.6236475e-08  1.8859763e-13 -1.8897018e-15 -9.4393654e-08 -6.4009037e-16   2.881127e-08 -9.6045039e-13  0.00027713788  1.2213723e-07 -3.7630331e-07 -1.0592939e-12  1.1267251e-14  2.1331653e-08   1.798582e-10
   1.409691e-18 -1.2501391e-07 -3.1892252e-14  -7.722545e-15 -1.3972637e-07 -2.6158236e-15  1.1774476e-07  1.8641628e-14  1.2213723e-07  7.2215572e-06 -1.3211884e-07  1.7912881e-13  3.3360812e-14  1.5698981e-08  1.1744513e-10
 -8.7404552e-20 -4.7317096e-05  2.7511272e-13 -2.4068253e-15     3.9843e-06 -8.1525332e-16  3.6659206e-08   1.982024e-12 -3.7630331e-07 -1.3211884e-07  0.00076394378 -1.5452221e-12 -1.9726711e-13  2.2077813e-06  7.0781741e-09
  2.3543722e-22 -4.2018774e-13 -4.4752802e-21 -2.2286987e-12 -1.6683112e-13 -7.5491729e-13  4.2132084e-15 -4.1491992e-12 -1.0592939e-12  1.7912881e-13 -1.5452221e-12     0.02086738 -7.5487919e-12  2.7733274e-13 -5.9827272e-15
  1.6398119e-26 -9.1540306e-14 -1.3439936e-12 -1.9193031e-21 -2.3514374e-13 -6.5011706e-22  1.6970657e-14  1.3510641e-20  1.1267251e-14  3.3360812e-14 -1.9726711e-13 -7.5487919e-12    0.014163316  7.0895003e-15  2.3150444e-12
  8.2044824e-21  6.9015732e-07 -4.9376568e-14  3.7243878e-17 -1.3995432e-07  1.2615455e-17  1.6649536e-09  3.0808207e-15  2.1331653e-08  1.5698981e-08  2.2077813e-06  2.7733274e-13  7.0895003e-15  2.0064588e-05 -4.2049126e-07
  9.2823192e-23  4.3387983e-09  1.0651692e-15 -6.8347682e-13 -9.7751458e-10 -2.3151109e-13  5.0913568e-12  1.2724455e-12   1.798582e-10  1.1744513e-10  7.0781741e-09 -5.9827272e-15  2.3150444e-12 -4.2049126e-07    0.001962511
Info in <Minuit2>: VariableMetricBuilder Start iterating until Edm is < 0.001 with call limit = 7500
Info in <Minuit2>: VariableMetricBuilder    0 - FCN =       69500.20493 Edm =       76104.86318 NCalls =    583
Info in <Minuit2>: VariableMetricBuilder    1 - FCN =      -2670.047393 Edm =       39705.34402 NCalls =    630
Info in <Minuit2>: VariableMetricBuilder    2 - FCN =      -2714.807702 Edm =       25184.23592 NCalls =    670
Info in <Minuit2>: VariableMetricBuilder    3 - FCN =      -2861.176043 Edm =       269.7854363 NCalls =    727
Info in <Minuit2>: VariableMetricBuilder    4 - FCN =      -3107.625025 Edm =       279.5205703 NCalls =    775
Minuit2:0: RuntimeWarning: VariableMetricBuilder No improvement in line search
Info in <Minuit2>: VariableMetricBuilder    5 - FCN =      -3107.625025 Edm =       279.5205703 NCalls =    786
Minuit2:0: RuntimeWarning: VariableMetricBuilder Iterations finish without convergence; Edm 279.764 Requested 0.001
Minuit2:0: RuntimeWarning: MnPosDef non-positive diagonal element in covariance matrix[ 8 ] = -741.472
Minuit2:0: RuntimeWarning: MnPosDef non-positive diagonal element in covariance matrix[ 9 ] = -180.19
Minuit2:0: RuntimeWarning: MnPosDef non-positive diagonal element in covariance matrix[ 10 ] = -1022.51
Minuit2:0: RuntimeWarning: MnPosDef non-positive diagonal element in covariance matrix[ 14 ] = -17.8517
Minuit2:0: RuntimeWarning: MnPosDef Added to diagonal of Error matrix a value 1023.01
Minuit2:0: RuntimeWarning: MnPosDef Matrix forced pos-def by adding to diagonal 27.2376
Info in <Minuit2>: VariableMetricBuilder After Hessian
Info in <Minuit2>: VariableMetricBuilder    6 - FCN =      -3107.625025 Edm =       554557.5227 NCalls =    976
Info in <Minuit2>: VariableMetricBuilder Tolerance not sufficient, continue minimization; Edm 554558 Required 0.001
Minuit2:0: RuntimeWarning: DavidonErrorUpdator delgam < 0 : first derivatives increasing along search line
Info in <Minuit2>: VariableMetricBuilder    7 - FCN =      -3139.306619 Edm =       2442139.165 NCalls =   1017
Minuit2:0: RuntimeWarning: VariableMetricBuilder Matrix not pos.def, gdel = 71.2328 > 0
Minuit2:0: RuntimeWarning: MnPosDef non-positive diagonal element in covariance matrix[ 10 ] = -0.000587328
Minuit2:0: RuntimeWarning: MnPosDef Added to diagonal of Error matrix a value 0.500588
Minuit2:0: RuntimeWarning: VariableMetricBuilder gdel = -9.54666e+08
Minuit2:0: RuntimeWarning: VariableMetricBuilder No improvement in line search
Info in <Minuit2>: VariableMetricBuilder    8 - FCN =      -3139.306619 Edm =       2442139.165 NCalls =   1028
Minuit2:0: RuntimeWarning: VariableMetricBuilder Iterations finish without convergence; Edm 1.36985e+11 Requested 0.001
Minuit2:0: RuntimeWarning: VariableMetricBuilder FunctionMinimum is invalid after second try
Minuit2:0: RuntimeWarning: Minuit2Minimizer::Minimize Minimization did NOT converge, Edm is above max
Minuit2Minimizer : Invalid Minimum - status = 3
FVAL  = -3139.31
Edm   = 2.44214e+06
Nfcn  = 1017
Info in <Minuit2>: Minuit2Minimizer::Hesse Using max-calls 7500
Minuit2:0: RuntimeWarning: MnPosDef non-positive diagonal element in covariance matrix[ 0 ] = -595.71
Minuit2:0: RuntimeWarning: MnPosDef non-positive diagonal element in covariance matrix[ 8 ] = -606.357
Minuit2:0: RuntimeWarning: MnPosDef non-positive diagonal element in covariance matrix[ 9 ] = -172.978
Minuit2:0: RuntimeWarning: MnPosDef non-positive diagonal element in covariance matrix[ 10 ] = -2082.65
Minuit2:0: RuntimeWarning: MnPosDef non-positive diagonal element in covariance matrix[ 14 ] = -8.79129
Minuit2:0: RuntimeWarning: MnPosDef Added to diagonal of Error matrix a value 2083.15
Minuit2:0: RuntimeWarning: MnPosDef Matrix forced pos-def by adding to diagonal 43.1774
Info in <Minuit2>: Minuit2Minimizer::Hesse Hesse is valid - matrix is full but made positive defined
fit with Hesse strategy 2 done, now Minos
Minuit2Minimizer: Minimize with max-calls 7500 convergence for edm < 1 strategy 2
Info in <Minuit2>: MnSeedGenerator Initial state: FCN =      -3139.306619 Edm =      -771.7288608 NCalls =     61
Info in <Minuit2>: MnSeedGenerator Negative G2 found - new state: 
  Minimum value : -4197.205105
  Edm           : 1338.780441
  Internal parameters:
    -0.9827339524
    -0.9454158732
     -1.032861883
    -0.8716705923
     -1.215332713
     -1.137900267
     -1.564055544
     -0.865072024
    -0.1912421151
     -1.450069579
     -1.243078675
    -0.9040394075
    -0.9273105371
     -1.553044541
      1.566880008
  Internal gradient  :
     -2070.185249
     -1728.454692
   0.002198106204
  0.0003602533363
      1302.866144
   0.002837568342
      63534.25244
   0.001539949532
      23.16968925
     -415.7411321
     -282.6528001
   0.001666700813
   0.001749209564
      1184.796523
   -0.02931439765
  Internal covariance matrix:
  0.00018365558              0              0              0              0              0              0              0              0              0              0              0              0              0              0
              0  0.00015101948              0              0              0              0              0              0              0              0              0              0              0              0              0
              0              0  0.00066146801              0              0              0              0              0              0              0              0              0              0              0              0
              0              0              0   0.0012345648              0              0              0              0              0              0              0              0              0              0              0
              0              0              0              0   4.367303e-06              0              0              0              0              0              0              0              0              0              0
              0              0              0              0              0  0.00014164772              0              0              0              0              0              0              0              0              0
              0              0              0              0              0              0  2.7919134e-08              0              0              0              0              0              0              0              0
              0              0              0              0              0              0              0   0.0042789567              0              0              0              0              0              0              0
              0              0              0              0              0              0              0              0   0.0011466122              0              0              0              0              0              0
              0              0              0              0              0              0              0              0              0    0.022104961              0              0              0              0              0
              0              0              0              0              0              0              0              0              0              0   0.0017846869              0              0              0              0
              0              0              0              0              0              0              0              0              0              0              0    0.020867529              0              0              0
              0              0              0              0              0              0              0              0              0              0              0              0    0.014163496              0              0
              0              0              0              0              0              0              0              0              0              0              0              0              0  2.3443405e-05              0
              0              0              0              0              0              0              0              0              0              0              0              0              0              0      0.2671918
Minuit2:0: RuntimeWarning: MnPosDef Matrix forced pos-def by adding to diagonal 1.34033
Info in <Minuit2>: MnSeedGenerator run Hesse - new state: 
  Minimum value : -4197.205105
  Edm           : 162179.3288
  Internal parameters:
    -0.9827339524
    -0.9454158732
     -1.032861883
    -0.8716705923
     -1.215332713
     -1.137900267
     -1.564055544
     -0.865072024
    -0.1912421151
     -1.450069579
     -1.243078675
    -0.9040394075
    -0.9273105371
     -1.553044541
      1.566880008
  Internal gradient  :
     -2070.186752
     -1728.455919
  0.0005207618306
 -0.0008299764203
      1302.863698
  0.0006719809679
      63534.29264
  0.0003655235753
      23.17450491
     -415.8725428
     -282.6491473
  0.0003951095483
  0.0004148472815
      1184.792957
   -0.02931509617
  Internal covariance matrix:
   0.0045743421  -0.0018482344 -6.1492462e-12 -8.5929023e-12  0.00023071215 -3.3077931e-13  8.4276026e-05 -1.5135222e-11   0.0094155456    -0.12004301   -0.013740337 -3.5327949e-11  1.5277974e-11  0.00033990054  0.00017946093
  -0.0018482344  0.00082599196  2.5396131e-12  3.5717761e-12 -9.4804325e-05   1.309403e-13 -3.4672002e-05  6.3500701e-12     -0.0038681    0.049379376   0.0056347829  1.4684622e-11 -6.4056404e-12 -0.00013943842 -7.3736122e-05
 -6.1492462e-12  2.5396131e-12  0.00028263897 -7.4967986e-14 -3.2169025e-13  4.2979425e-22 -1.1663751e-13 -1.3956864e-13 -1.2955537e-11  1.6508264e-10  1.8985198e-11 -3.0821545e-13 -2.5392428e-13 -4.8740483e-13 -2.4251385e-13
 -8.5929023e-12  3.5717761e-12 -7.4967986e-14  0.00052751776 -4.4110301e-13  3.4691757e-14 -1.6161296e-13  2.9333403e-20 -1.7906361e-11  2.2945401e-10  2.6263868e-11  6.8121281e-20  -6.938039e-13 -6.6385767e-13 -1.9675342e-12
  0.00023071215 -9.4804325e-05 -3.2169025e-13 -4.4110301e-13  1.3715683e-05 -1.8315851e-14  4.3271185e-06 -7.8484804e-13  0.00048334689  -0.0061626494 -0.00070513669 -1.8135042e-12  7.8413545e-13  1.7437195e-05  9.2107438e-06
 -3.3077931e-13   1.309403e-13  4.2979425e-22  3.4691757e-14 -1.8315851e-14  6.0524721e-05  -5.928022e-15 -6.4585984e-14 -6.6275015e-13  8.4495645e-12  9.2400525e-13  1.4262802e-13 -1.1750452e-13 -2.4239027e-14 -1.2670094e-14
  8.4276026e-05 -3.4672002e-05 -1.1663751e-13 -1.6161296e-13  4.3271185e-06  -5.928022e-15  1.5926595e-06 -2.8773721e-13  0.00017667865  -0.0022509798 -0.00025781752 -6.6443843e-13  2.8490202e-13  6.3687482e-06  3.3627756e-06
 -1.5135222e-11  6.3500701e-12 -1.3956864e-13  2.9333403e-20 -7.8484804e-13 -6.4585984e-14 -2.8773721e-13   0.0018283573 -3.1862382e-11  4.0838767e-10  4.7216361e-11  1.2059825e-19 -5.1619616e-20 -1.1792106e-12  2.4245995e-12
   0.0094155456     -0.0038681 -1.2955537e-11 -1.7906361e-11  0.00048334689 -6.6275015e-13  0.00017667865 -3.1862382e-11    0.020247166    -0.25163538   -0.028793712 -7.3618318e-11  3.2362213e-11  0.00071222646  0.00037601124
    -0.12004301    0.049379376  1.6508264e-10  2.2945401e-10  -0.0061626494  8.4495645e-12  -0.0022509798  4.0838767e-10    -0.25163538      3.2054547     0.36711143  9.4335296e-10 -4.0805611e-10  -0.0090804389  -0.0047942276
   -0.013740337   0.0056347829  1.8985198e-11  2.6263868e-11 -0.00070513669  9.2400525e-13 -0.00025781752  4.7216361e-11   -0.028793712     0.36711143    0.042820635  1.0797849e-10 -4.6706781e-11  -0.0010333549 -0.00054806151
 -3.5327949e-11  1.4684622e-11 -3.0821545e-13  6.8121281e-20 -1.8135042e-12  1.4262802e-13 -6.6443843e-13  1.2059825e-19 -7.3618318e-11  9.4335296e-10  1.0797849e-10   0.0089164958 -1.1920415e-19 -2.7293142e-12  -8.089112e-12
  1.5277974e-11 -6.4056404e-12 -2.5392428e-13  -6.938039e-13  7.8413545e-13 -1.1750452e-13  2.8490202e-13 -5.1619616e-20  3.2362213e-11 -4.0805611e-10 -4.6706781e-11 -1.1920415e-19   0.0060519269  1.1073382e-12 -4.8919815e-12
  0.00033990054 -0.00013943842 -4.8740483e-13 -6.6385767e-13  1.7437195e-05 -2.4239027e-14  6.3687482e-06 -1.1792106e-12  0.00071222646  -0.0090804389  -0.0010333549 -2.7293142e-12  1.1073382e-12  3.5810435e-05  1.1630629e-05
  0.00017946093 -7.3736122e-05 -2.4251385e-13 -1.9675342e-12  9.2107438e-06 -1.2670094e-14  3.3627756e-06  2.4245995e-12  0.00037601124  -0.0047942276 -0.00054806151  -8.089112e-12 -4.8919815e-12  1.1630629e-05     0.11417606
Info in <Minuit2>: VariableMetricBuilder Start iterating until Edm is < 0.001 with call limit = 7500
Info in <Minuit2>: VariableMetricBuilder    0 - FCN =      -4197.205105 Edm =       162179.3288 NCalls =    424
Info in <Minuit2>: VariableMetricBuilder    1 - FCN =       -4308.24147 Edm =       5090.087485 NCalls =    466
Info in <Minuit2>: VariableMetricBuilder    2 - FCN =      -4534.058613 Edm =       22.84407665 NCalls =    509
Info in <Minuit2>: VariableMetricBuilder    3 - FCN =      -4574.196434 Edm =       1.753368127 NCalls =    544
Info in <Minuit2>: VariableMetricBuilder    4 - FCN =       -4576.38365 Edm =       2.142155519 NCalls =    578
Info in <Minuit2>: VariableMetricBuilder    5 - FCN =      -4577.423644 Edm =     0.09451885765 NCalls =    610
Info in <Minuit2>: VariableMetricBuilder    6 - FCN =      -4577.540209 Edm =     0.01598239588 NCalls =    642
Info in <Minuit2>: VariableMetricBuilder    7 - FCN =      -4577.562931 Edm =   0.0003073113358 NCalls =    674
Minuit2:0: RuntimeWarning: MnPosDef non-positive diagonal element in covariance matrix[ 14 ] = -2.10397
Minuit2:0: RuntimeWarning: MnPosDef Added to diagonal of Error matrix a value 2.60397
Info in <Minuit2>: VariableMetricBuilder After Hessian
Info in <Minuit2>: VariableMetricBuilder    8 - FCN =      -4577.562931 Edm =   0.0005185601027 NCalls =    852
Minuit2Minimizer : Valid minimum - status = 0
FVAL  = -4577.56293144240954
Edm   = 0.000518560102725155146
Nfcn  = 852
#alpha_{RT1}^{0}	  = 1.16399	 +/-  0.0248326	(limited)
#alpha_{RT2}^{0}	  = 1.27581	 +/-  0.0243265	(limited)
#alpha_{WT1}^{0}	  = 0.706154	 +/-  0.0465668	(limited)
#alpha_{WT2}^{0}	  = 1.17297	 +/-  0.079873	(limited)
#sigma_{RT1}^{0}	  = 0.0308415	 +/-  0.000258272	(limited)
#sigma_{WT1}^{0}	  = 0.0461226	 +/-  0.00176501	(limited)
Yield	  = 756.748	 +/-  29.459	(limited)
f_{M}^{0}	  = 0.119428	 +/-  0.0149531	(limited)
mean_{RT}^{0}	  = 5.27696	 +/-  0.00206947	(limited)
n_{RT1}^{0}	  = 0.65507	 +/-  0.0978196	(limited)
n_{RT2}^{0}	  = 9.0142	 +/-  0.75065	(limited)
n_{WT1}^{0}	  = 10.7168	 +/-  3.11095	(limited)
n_{WT2}^{0}	  = 10.0081	 +/-  2.49845	(limited)
nbkg	  = 22.4742	 +/-  10.5913	(limited)
slope	  = 9.99994	 +/-  14.2047	(limited)
Info in <Minuit2>: Minuit2Minimizer::Hesse Using max-calls 7500
Minuit2:0: RuntimeWarning: MnPosDef non-positive diagonal element in covariance matrix[ 14 ] = -2.10395
Minuit2:0: RuntimeWarning: MnPosDef Added to diagonal of Error matrix a value 2.60395
Info in <Minuit2>: Minuit2Minimizer::Hesse Hesse is valid - matrix is accurate
******************************************************************************************************
Minuit2Minimizer::GetMinosError - Run MINOS LOWER error for parameter #0 : #alpha_{RT1}^{0} using max-calls 7500, tolerance 1
Info in <Minuit2>: MnMinos Determination of lower Minos error for parameter 0
Info in <Minuit2>: MnFunctionCross Run Migrad with fixed parameters:
  Pos 0: #alpha_{RT1}^{0} = 1.13916
Info in <Minuit2>: MnSeedGenerator Initial state: FCN =      -4577.044774 Edm =   0.0005554289119 NCalls =     29
Info in <Minuit2>: MnSeedGenerator Negative G2 found - new state: 
  Minimum value : -4580.677216
  Edm           : 6.669387332
  Internal parameters:
    -0.8402672351
     -1.032862663
    -0.8716708834
     -1.217703294
     -1.137900483
     -1.565302254
    -0.8650755581
    -0.2325297187
     -1.196824305
    -0.9612037615
    -0.9040580663
    -0.9273238277
     -1.558021458
   -0.06075022532
  Internal gradient  :
     -5.471525381
 -5.811738894e-06
 -2.629665024e-06
      30.92833837
 -9.273314688e-06
      4985.829867
 -4.552998733e-06
      1.067646999
     -26.95118143
     -0.448956395
 -5.284131584e-06
 -5.505247648e-06
     -863.6957423
     0.5324393397
  Internal covariance matrix:
   0.0001051359              0              0              0              0              0              0              0              0              0              0              0              0              0
              0  0.00066147059              0              0              0              0              0              0              0              0              0              0              0              0
              0              0   0.0012345661              0              0              0              0              0              0              0              0              0              0              0
              0              0              0  4.4233916e-06              0              0              0              0              0              0              0              0              0              0
