
[1mRooFit v3.60 -- Developed by Wouter Verkerke and David Kirkby[0m 
                Copyright (C) 2000-2013 NIKHEF, University of California & Stanford University
                All rights reserved, please read http://roofit.sourceforge.net/license.txt

Error in <TUnixSystem::FindDynamicLibrary>: ../utils/func_roofit/libRooGaussDoubleSidedExp[.so | .dll | .dylib | .sl | .dl | .a] does not exist in /cvmfs/sw.el7/gcc63/root/6.24.06/b01/lib64:/cvmfs/sw.el7/gcc63/root/6.24.06/b01/lib:/cvmfs/sw.el7/gcc63/pythia/8.2.40/b02/lib:/cvmfs/sw.el7/gcc/6.3/lib64:/cvmfs/sw.el7/gcc/6.3/lib:/cvmfs/sw.el7/gcc/6.3/libexec/gcc/x86_64-unknown-linux-gnu/6.3.1:.:/cvmfs/sw.el7/gcc63/root/6.24.06/b01/lib:/lib64/tls/x86_64:/lib64/tls:/lib64/x86_64:/lib64:/usr/lib64/tls/x86_64:/usr/lib64/tls:/usr/lib64/x86_64:/usr/lib64:/cvmfs/sw.el7/gcc63/root/6.24.06/b01/python/lib:/cvmfs/sw.el7/gcc63/root/6.24.06
start function declaration
mc file name: /lstore/cms/boletti/Run2-BdToKstarMuMu/2018MC_LMNR_newphi_punzi_removeTkMu_fixBkg_B0Psicut_addxcutvariable.root
data file name: /lstore/cms/boletti/Run2-BdToKstarMuMu/2018data_newphi_punzi_removeTkMu_fixBkg_B0Psicut_addxcutvariable.root
reading data...
[#0] ERROR:InputArguments -- Didn't find a branch in Tree 'ntuple' to read variable 'weight' from.
	Note: Name the RooFit variable the same as the branch.
it worked :)
reading monte carlo...
dimuon selection:  rejectPsi
now fitting:  0  for  correctTag  
fitting the mc...
 **********
 **    1 **SET PRINT           1
 **********
 **********
 **    2 **SET NOGRAD
 **********
 PARAMETER DEFINITIONS:
    NO.   NAME         VALUE      STEP SIZE      LIMITS
     1 #alpha_{RT1}^{0}   5.00000e-01  2.50000e-01    0.00000e+00  1.00000e+01
     2 #alpha_{RT2}^{0}   2.50000e+00  1.00000e+00    0.00000e+00  1.00000e+01
     3 #sigma_{RT1}^{0}   3.00000e-02  1.50000e-02    0.00000e+00  1.00000e+00
     4 mean_{RT}^{0}   5.27958e+00  3.97900e-02    5.20000e+00  5.80000e+00
     5 n_{RT1}^{0}   1.00000e+00  4.95000e-01    1.00000e-02  2.00000e+01
     6 n_{RT2}^{0}   1.00000e+00  4.95000e-01    1.00000e-02  1.00000e+02
 **********
 **    3 **SET ERR         0.5
 **********
 **********
 **    4 **SET PRINT           1
 **********
 **********
 **    5 **SET STR           1
 **********
 NOW USING STRATEGY  1: TRY TO BALANCE SPEED AGAINST RELIABILITY
 **********
 **    6 **MIGRAD        3000           1
 **********
 FIRST CALL TO USER FUNCTION AT NEW START POINT, WITH IFLAG=4.
 START MIGRAD MINIMIZATION.  STRATEGY  1.  CONVERGENCE WHEN EDM .LT. 1.00e-03
 FCN=-124212 FROM MIGRAD    STATUS=INITIATE       24 CALLS          25 TOTAL
                     EDM= unknown      STRATEGY= 1      NO ERROR MATRIX       
  EXT PARAMETER               CURRENT GUESS       STEP         FIRST   
  NO.   NAME      VALUE            ERROR          SIZE      DERIVATIVE 
   1  #alpha_{RT1}^{0}   5.00000e-01   2.50000e-01   1.18625e-01  -1.08727e+05
   2  #alpha_{RT2}^{0}   2.50000e+00   1.00000e+00   2.35352e-01   1.75364e+04
   3  #sigma_{RT1}^{0}   3.00000e-02   1.50000e-02   9.09734e-02  -5.19606e+04
   4  mean_{RT}^{0}   5.27958e+00   3.97900e-02   2.01879e-01  -1.33366e+05
   5  n_{RT1}^{0}   1.00000e+00   4.95000e-01   1.18032e-01  -6.62305e+04
   6  n_{RT2}^{0}   1.00000e+00   4.95000e-01   5.17524e-02   9.35757e+03
                               ERR DEF= 0.5
 MIGRAD MINIMIZATION HAS CONVERGED.
 MIGRAD WILL VERIFY CONVERGENCE AND ERROR MATRIX.
 COVARIANCE MATRIX CALCULATED SUCCESSFULLY
 FCN=-154112 FROM MIGRAD    STATUS=CONVERGED     365 CALLS         366 TOTAL
                     EDM=2.0788e-05    STRATEGY= 1      ERROR MATRIX ACCURATE 
  EXT PARAMETER                                   STEP         FIRST   
  NO.   NAME      VALUE            ERROR          SIZE      DERIVATIVE 
   1  #alpha_{RT1}^{0}   1.21719e+00   2.31419e-02   5.24559e-04   6.12732e-01
   2  #alpha_{RT2}^{0}   1.28520e+00   2.38346e-02   6.25603e-04   2.54133e-01
   3  #sigma_{RT1}^{0}   3.07733e-02   2.55040e-04   1.64293e-04  -2.46723e+00
   4  mean_{RT}^{0}   5.27969e+00   1.66388e-04   1.71375e-04   8.07611e-01
   5  n_{RT1}^{0}   3.94134e+00   1.77760e-01   2.29172e-03   2.03562e-01
   6  n_{RT2}^{0}   9.23784e+00   7.13357e-01   3.09967e-03   1.79271e-01
                               ERR DEF= 0.5
 EXTERNAL ERROR MATRIX.    NDIM=  25    NPAR=  6    ERR DEF=0.5
  5.356e-04  2.601e-04  4.333e-06 -1.708e-06 -3.620e-03 -2.982e-03 
  2.601e-04  5.681e-04  4.316e-06  5.209e-07 -1.145e-03 -1.362e-02 
  4.333e-06  4.316e-06  6.505e-08 -8.894e-09 -2.075e-05 -5.646e-05 
 -1.708e-06  5.209e-07 -8.894e-09  2.768e-08  1.111e-05 -2.157e-05 
 -3.620e-03 -1.145e-03 -2.075e-05  1.111e-05  3.160e-02  1.156e-02 
 -2.982e-03 -1.362e-02 -5.646e-05 -2.157e-05  1.156e-02  5.090e-01 
 PARAMETER  CORRELATION COEFFICIENTS  
       NO.  GLOBAL      1      2      3      4      5      6
        1  0.96191   1.000  0.472  0.734 -0.443 -0.880 -0.181
        2  0.94604   0.472  1.000  0.710  0.131 -0.270 -0.801
        3  0.91190   0.734  0.710  1.000 -0.210 -0.458 -0.310
        4  0.63355  -0.443  0.131 -0.210  1.000  0.376 -0.182
        5  0.92577  -0.880 -0.270 -0.458  0.376  1.000  0.091
        6  0.88602  -0.181 -0.801 -0.310 -0.182  0.091  1.000
 **********
 **    7 **SET ERR         0.5
 **********
 **********
 **    8 **SET PRINT           1
 **********
 **********
 **    9 **HESSE        3000
 **********
 COVARIANCE MATRIX CALCULATED SUCCESSFULLY
 FCN=-154112 FROM HESSE     STATUS=OK             40 CALLS         406 TOTAL
                     EDM=2.22163e-05    STRATEGY= 1      ERROR MATRIX ACCURATE 
  EXT PARAMETER                                INTERNAL      INTERNAL  
  NO.   NAME      VALUE            ERROR       STEP SIZE       VALUE   
   1  #alpha_{RT1}^{0}   1.21719e+00   2.37967e-02   2.09823e-05  -8.58040e-01
   2  #alpha_{RT2}^{0}   1.28520e+00   2.47210e-02   2.50241e-05  -8.37483e-01
   3  #sigma_{RT1}^{0}   3.07733e-02   2.59976e-04   6.57170e-06  -1.21812e+00
   4  mean_{RT}^{0}   5.27969e+00   1.67354e-04   6.85500e-06  -8.24713e-01
   5  n_{RT1}^{0}   3.94134e+00   1.82289e-01   9.16688e-05  -6.51864e-01
   6  n_{RT2}^{0}   9.23784e+00   7.38945e-01   1.23987e-04  -9.53463e-01
                               ERR DEF= 0.5
 EXTERNAL ERROR MATRIX.    NDIM=  25    NPAR=  6    ERR DEF=0.5
  5.663e-04  2.830e-04  4.589e-06 -1.776e-06 -3.841e-03 -3.464e-03 
  2.830e-04  6.111e-04  4.602e-06  5.364e-07 -1.277e-03 -1.486e-02 
  4.589e-06  4.602e-06  6.759e-08 -9.237e-09 -2.245e-05 -6.364e-05 
 -1.776e-06  5.364e-07 -9.237e-09  2.801e-08  1.168e-05 -2.279e-05 
 -3.841e-03 -1.277e-03 -2.245e-05  1.168e-05  3.324e-02  1.399e-02 
 -3.464e-03 -1.486e-02 -6.364e-05 -2.279e-05  1.399e-02  5.462e-01 
 PARAMETER  CORRELATION COEFFICIENTS  
       NO.  GLOBAL      1      2      3      4      5      6
        1  0.96402   1.000  0.481  0.742 -0.446 -0.885 -0.197
        2  0.94994   0.481  1.000  0.716  0.130 -0.283 -0.813
        3  0.91537   0.742  0.716  1.000 -0.212 -0.474 -0.331
        4  0.63898  -0.446  0.130 -0.212  1.000  0.383 -0.184
        5  0.92955  -0.885 -0.283 -0.474  0.383  1.000  0.104
        6  0.89423  -0.197 -0.813 -0.331 -0.184  0.104  1.000
fit status:  0 3
doublecb_RT0  -----> plotting  
Info in <TCanvas::MakeDefCanvas>:  created default TCanvas with name c1
setting nRT to  92305.0
Info in <TCanvas::Print>: pdf file fit_results_mass_checkOnMC/newbdt_puw/save_fit_mc_0_2018_RT_newSigmaFRT_asInANv8.pdf has been created
now fitting:  0  for   wrongTag
fitting the mc...
 **********
 **   10 **SET PRINT           1
 **********
 **********
 **   11 **SET NOGRAD
 **********
 PARAMETER DEFINITIONS:
    NO.   NAME         VALUE      STEP SIZE      LIMITS
     1 #alpha_{WT1}^{0}   5.00000e-01  2.50000e-01    0.00000e+00  1.00000e+01
     2 #alpha_{WT2}^{0}   2.50000e+00  1.00000e+00    0.00000e+00  1.00000e+01
     3 #sigma_{WT1}^{0}   3.00000e-02  1.50000e-02    0.00000e+00  1.00000e+00
     4 mean_{WT}^{0}   5.27958e+00  1.00000e-01    5.00000e+00  6.00000e+00
     5 n_{WT1}^{0}   1.00000e+00  4.95000e-01    1.00000e-02  1.00000e+02
     6 n_{WT2}^{0}   1.00000e+00  4.95000e-01    1.00000e-02  1.00000e+02
 **********
 **   12 **SET ERR         0.5
 **********
 **********
 **   13 **SET PRINT           1
 **********
 **********
 **   14 **SET STR           1
 **********
 NOW USING STRATEGY  1: TRY TO BALANCE SPEED AGAINST RELIABILITY
 **********
 **   15 **MIGRAD        3000           1
 **********
 FIRST CALL TO USER FUNCTION AT NEW START POINT, WITH IFLAG=4.
 START MIGRAD MINIMIZATION.  STRATEGY  1.  CONVERGENCE WHEN EDM .LT. 1.00e-03
 FCN=-11057.2 FROM MIGRAD    STATUS=INITIATE       24 CALLS          25 TOTAL
                     EDM= unknown      STRATEGY= 1      NO ERROR MATRIX       
  EXT PARAMETER               CURRENT GUESS       STEP         FIRST   
  NO.   NAME      VALUE            ERROR          SIZE      DERIVATIVE 
   1  #alpha_{WT1}^{0}   5.00000e-01   2.50000e-01   1.18625e-01  -9.36579e+03
   2  #alpha_{WT2}^{0}   2.50000e+00   1.00000e+00   2.35352e-01   6.52576e+03
   3  #sigma_{WT1}^{0}   3.00000e-02   1.50000e-02   9.09734e-02  -1.70775e+04
   4  mean_{WT}^{0}   5.27958e+00   1.00000e-01   2.26180e-01  -2.90662e+04
   5  n_{WT1}^{0}   1.00000e+00   4.95000e-01   5.17524e-02  -1.87040e+04
   6  n_{WT2}^{0}   1.00000e+00   4.95000e-01   5.17524e-02   4.96395e+03
                               ERR DEF= 0.5
 MIGRAD MINIMIZATION HAS CONVERGED.
 MIGRAD WILL VERIFY CONVERGENCE AND ERROR MATRIX.
 COVARIANCE MATRIX CALCULATED SUCCESSFULLY
 FCN=-13820.2 FROM MIGRAD    STATUS=CONVERGED     415 CALLS         416 TOTAL
                     EDM=1.65394e-05    STRATEGY= 1      ERROR MATRIX ACCURATE 
  EXT PARAMETER                                   STEP         FIRST   
  NO.   NAME      VALUE            ERROR          SIZE      DERIVATIVE 
   1  #alpha_{WT1}^{0}   7.06155e-01   4.53584e-02   2.94481e-04  -1.23000e-01
   2  #alpha_{WT2}^{0}   1.17298e+00   7.71351e-02   4.82197e-04  -4.07470e-01
   3  #sigma_{WT1}^{0}   4.61227e-02   1.73096e-03   1.72571e-04   9.70511e-01
   4  mean_{WT}^{0}   5.27008e+00   1.03733e-03   1.11747e-04   8.83280e-01
   5  n_{WT1}^{0}   1.07172e+01   3.07038e+00   2.92323e-03   1.13092e-02
   6  n_{WT2}^{0}   1.00085e+01   2.43729e+00   2.89485e-03  -7.17164e-02
                               ERR DEF= 0.5
 EXTERNAL ERROR MATRIX.    NDIM=  25    NPAR=  6    ERR DEF=0.5
  2.058e-03  2.216e-03  6.443e-05 -3.298e-05 -1.077e-01 -2.852e-02 
  2.216e-03  5.951e-03  1.093e-04 -1.952e-05 -5.497e-02 -1.452e-01 
  6.443e-05  1.093e-04  2.996e-06 -1.011e-06 -1.825e-03 -1.569e-03 
 -3.298e-05 -1.952e-05 -1.011e-06  1.076e-06  1.527e-03 -7.537e-05 
 -1.077e-01 -5.497e-02 -1.825e-03  1.527e-03  9.458e+00  5.126e-01 
 -2.852e-02 -1.452e-01 -1.569e-03 -7.537e-05  5.126e-01  5.954e+00 
 PARAMETER  CORRELATION COEFFICIENTS  
       NO.  GLOBAL      1      2      3      4      5      6
        1  0.97885   1.000  0.633  0.821 -0.701 -0.772 -0.258
        2  0.96876   0.633  1.000  0.819 -0.244 -0.232 -0.772
        3  0.96630   0.821  0.819  1.000 -0.563 -0.343 -0.372
        4  0.80826  -0.701 -0.244 -0.563  1.000  0.479 -0.030
        5  0.93073  -0.772 -0.232 -0.343  0.479  1.000  0.068
        6  0.90119  -0.258 -0.772 -0.372 -0.030  0.068  1.000
 **********
 **   16 **SET ERR         0.5
 **********
 **********
 **   17 **SET PRINT           1
 **********
 **********
 **   18 **HESSE        3000
 **********
 COVARIANCE MATRIX CALCULATED SUCCESSFULLY
 FCN=-13820.2 FROM HESSE     STATUS=OK             40 CALLS         456 TOTAL
                     EDM=1.70098e-05    STRATEGY= 1      ERROR MATRIX ACCURATE 
  EXT PARAMETER                                INTERNAL      INTERNAL  
  NO.   NAME      VALUE            ERROR       STEP SIZE       VALUE   
   1  #alpha_{WT1}^{0}   7.06155e-01   4.65894e-02   5.88962e-05  -1.03286e+00
   2  #alpha_{WT2}^{0}   1.17298e+00   7.99454e-02   9.64395e-05  -8.71670e-01
   3  #sigma_{WT1}^{0}   4.61227e-02   1.76520e-03   3.45142e-05  -1.13790e+00
   4  mean_{WT}^{0}   5.27008e+00   1.04578e-03   2.23493e-05  -4.77805e-01
   5  n_{WT1}^{0}   1.07172e+01   3.15825e+00   1.16929e-04  -9.04044e-01
   6  n_{WT2}^{0}   1.00085e+01   2.52430e+00   1.15794e-04  -9.27313e-01
                               ERR DEF= 0.5
 EXTERNAL ERROR MATRIX.    NDIM=  25    NPAR=  6    ERR DEF=0.5
  2.171e-03  2.371e-03  6.757e-05 -3.428e-05 -1.148e-01 -3.236e-02 
  2.371e-03  6.393e-03  1.162e-04 -2.058e-05 -6.034e-02 -1.587e-01 
  6.757e-05  1.162e-04  3.116e-06 -1.041e-06 -1.964e-03 -1.759e-03 
 -3.428e-05 -2.058e-05 -1.041e-06  1.094e-06  1.620e-03 -5.932e-05 
 -1.148e-01 -6.034e-02 -1.964e-03  1.620e-03  1.001e+01  6.100e-01 
 -3.236e-02 -1.587e-01 -1.759e-03 -5.932e-05  6.100e-01  6.387e+00 
 PARAMETER  CORRELATION COEFFICIENTS  
       NO.  GLOBAL      1      2      3      4      5      6
        1  0.97997   1.000  0.636  0.822 -0.704 -0.779 -0.275
        2  0.97096   0.636  1.000  0.823 -0.246 -0.239 -0.786
        3  0.96762   0.822  0.823  1.000 -0.564 -0.352 -0.394
        4  0.81171  -0.704 -0.246 -0.564  1.000  0.490 -0.022
        5  0.93467  -0.779 -0.239 -0.352  0.490  1.000  0.076
        6  0.90823  -0.275 -0.786 -0.394 -0.022  0.076  1.000
Info in <TCanvas::Print>: pdf file fit_results_mass_checkOnMC/newbdt_puw/save_fit_mc_0_2018_WT_newSigmaFRT_asInANv8.pdf has been created
fit status:  0 3
doublecb_0  -----> plotting  
setting nWT to  12519.0
mistag fraction on MC for bin  0  :  0.119428756773 +/- 0.269152750946
constraining var #sigma_{RT1}^{0} :  0.030773349227  with uncertainty  0.000259976487711
constraining var #alpha_{RT1}^{0} :  1.2171880137  with uncertainty  0.0237966892595
constraining var n_{RT1}^{0} :  3.94134467547  with uncertainty  0.182289418197
constraining var n_{RT2}^{0} :  9.23784195444  with uncertainty  0.738944935229
constraining var #sigma_{WT1}^{0} :  0.0461226616583  with uncertainty  0.00176519765775
constraining var #alpha_{WT1}^{0} :  0.706155420291  with uncertainty  0.0465894428934
constraining var #alpha_{WT2}^{0} :  1.17297608777  with uncertainty  0.079945364585
constraining var n_{WT1}^{0} :  10.717229319  with uncertainty  3.15825085853
constraining var n_{WT2}^{0} :  10.0084523707  with uncertainty  2.52429661864
104824.0
here 0
here 1
total pdf created
Minuit2Minimizer: Minimize with max-calls 7500 convergence for edm < 1 strategy 2
Info in <Minuit2>: MnSeedGenerator Initial state: FCN =       99996.50647 Edm =        116124.638 NCalls =     49
Info in <Minuit2>: MnSeedGenerator Negative G2 found - new state: 
  Minimum value : 76601.58116
  Edm           : 107052.1222
  Internal parameters:
     -1.223033407
    -0.8374830056
     -1.032862055
    -0.8716700799
     -1.218124801
     -1.137900314
     -0.911383335
    -0.8650728059
    -0.8247129661
     -1.592430141
    -0.9534625015
    -0.9040435291
    -0.9273134744
     -1.485490177
      1.595527715
  Internal gradient  :
     -36062681.44
     -2097.334058
    0.03061088427
    0.02172138227
      14359.45037
     0.0395197779
      234190.8365
    0.02143241171
      11192.14447
     -6784.116086
     -235.1680612
    0.02320398625
    0.02434979375
      8493.670288
      8.828360153
  Internal covariance matrix:
  1.3621895e-11              0              0              0              0              0              0              0              0              0              0              0              0              0              0
              0  0.00012571922              0              0              0              0              0              0              0              0              0              0              0              0              0
              0              0   0.0006614658              0              0              0              0              0              0              0              0              0              0              0              0
              0              0              0    0.001234562              0              0              0              0              0              0              0              0              0              0              0
              0              0              0              0  4.2895767e-06              0              0              0              0              0              0              0              0              0              0
              0              0              0              0              0  0.00014164748              0              0              0              0              0              0              0              0              0
              0              0              0              0              0              0  6.5405834e-06              0              0              0              0              0              0              0              0
              0              0              0              0              0              0              0    0.004278965              0              0              0              0              0              0              0
              0              0              0              0              0              0              0              0  0.00038762474              0              0              0              0              0              0
              0              0              0              0              0              0              0              0              0  6.6617927e-06              0              0              0              0              0
              0              0              0              0              0              0              0              0              0              0  0.00073507448              0              0              0              0
              0              0              0              0              0              0              0              0              0              0              0    0.020867328              0              0              0
              0              0              0              0              0              0              0              0              0              0              0              0    0.014163278              0              0
              0              0              0              0              0              0              0              0              0              0              0              0              0  1.9846218e-05              0
              0              0              0              0              0              0              0              0              0              0              0              0              0              0    0.005600771
Info in <Minuit2>: MnSeedGenerator run Hesse - new state: 
  Minimum value : 76601.58116
  Edm           : 308757.1167
  Internal parameters:
     -1.223033407
    -0.8374830056
     -1.032862055
    -0.8716700799
     -1.218124801
     -1.137900314
     -0.911383335
    -0.8650728059
    -0.8247129661
     -1.592430141
    -0.9534625015
    -0.9040435291
    -0.9273134744
     -1.485490177
      1.595527715
  Internal gradient  :
      2003.051034
     -2097.299747
  2.093370681e-06
  3.478317575e-05
      14359.40873
   2.82732299e-06
      234190.8411
  3.430094397e-05
      11192.12153
     -6784.148243
     -235.1656965
   1.49082418e-06
  1.583383132e-06
      8493.670902
      8.828103614
  Internal covariance matrix:
  1.3621895e-11 -5.1537914e-12  3.0591773e-20   4.179337e-20  1.0914336e-12  1.4156483e-20 -5.5090967e-12 -2.7312757e-19  4.4637394e-11  -4.949313e-13  -1.656724e-12 -1.4032601e-19 -1.1560767e-19  -1.342117e-13  1.4031598e-14
 -5.1537914e-12   0.0001915021 -4.4632153e-13 -6.0974828e-13 -1.0634718e-05 -2.0653733e-13  5.4982539e-05  1.1351769e-12 -0.00044351779  7.9069104e-06 -5.5777566e-05  2.0319762e-12  1.6740448e-12  1.8034116e-06 -2.1883385e-07
  3.0591773e-20 -4.4632153e-13   0.0006614658  2.9074957e-21  9.0071544e-14  2.4389204e-13 -2.8880869e-13 -5.4129251e-21  2.4051695e-12 -1.7144313e-14  2.6433464e-13 -6.5933926e-21 -5.4319705e-21 -7.7109277e-15  8.2513339e-16
   4.179337e-20 -6.0974828e-13  2.9074957e-21    0.001234562  1.2305248e-13  1.3454569e-21 -3.9455997e-13 -7.3949421e-21  3.2858554e-12 -2.3421939e-14   3.611244e-13 -9.0076539e-21 -7.4209612e-21  -1.053439e-14  1.1272673e-15
  1.0914336e-12 -1.0634718e-05  9.0071544e-14  1.2305248e-13  7.3910808e-06  4.1681019e-14 -1.2711751e-05 -2.2908851e-13  0.00010215717 -1.8560345e-06 -4.3217187e-06 -1.9659749e-13 -1.6196697e-13 -3.4506014e-07  3.8140933e-08
  1.4156483e-20 -2.0653733e-13  2.4389204e-13  1.3454569e-21  4.1681019e-14  0.00014164748 -1.3364755e-13 -2.5048559e-21  1.1130032e-12 -7.9336095e-15  1.2232206e-13 -3.0511226e-21 -2.5136692e-21 -3.5682671e-15  3.8183425e-16
 -5.5090967e-12  5.4982539e-05 -2.8880869e-13 -3.9455997e-13 -1.2711751e-05 -1.3364755e-13   5.579497e-05   7.345578e-13 -0.00041326591  7.9842855e-06   1.646726e-05  1.3422828e-12  1.1058405e-12  1.2655032e-06 -1.3612196e-07
 -2.7312757e-19  1.1351769e-12 -5.4129251e-21 -7.3949421e-21 -2.2908851e-13 -2.5048559e-21   7.345578e-13    0.004278965 -6.1173228e-12  4.3604954e-14 -6.7231024e-13  1.6769675e-20  1.3815707e-20  1.9612021e-14 -2.0986493e-15
  4.4637394e-11 -0.00044351779  2.4051695e-12  3.2858554e-12  0.00010215717  1.1130032e-12 -0.00041326591 -6.1173228e-12   0.0034787378 -6.3548372e-05 -0.00013569806 -1.1246728e-11 -9.2656241e-12 -1.0599045e-05  1.1295195e-06
  -4.949313e-13  7.9069104e-06 -1.7144313e-14 -2.3421939e-14 -1.8560345e-06 -7.9336095e-15  7.9842855e-06  4.3604954e-14 -6.3548372e-05  7.8525391e-06  2.4705145e-06  3.5393721e-13  2.9159139e-13  1.9425709e-07 -2.0626805e-08
  -1.656724e-12 -5.5777566e-05  2.6433464e-13   3.611244e-13 -4.3217187e-06  1.2232206e-13   1.646726e-05 -6.7231024e-13 -0.00013569806  2.4705145e-06   0.0007806402   1.701677e-12  1.4019276e-12  9.2663944e-07 -1.7271445e-07
 -1.4032601e-19  2.0319762e-12 -6.5933926e-21 -9.0076539e-21 -1.9659749e-13 -3.0511226e-21  1.3422828e-12  1.6769675e-20 -1.1246728e-11  3.5393721e-13   1.701677e-12    0.020867328  1.3697927e-11  3.6748017e-14 -4.1700997e-15
 -1.1560767e-19  1.6740448e-12 -5.4319705e-21 -7.4209612e-21 -1.6196697e-13 -2.5136692e-21  1.1058405e-12  1.3815707e-20 -9.2656241e-12  2.9159139e-13  1.4019276e-12  1.3697927e-11    0.014163278  3.0274876e-14 -3.4355392e-15
  -1.342117e-13  1.8034116e-06 -7.7109277e-15  -1.053439e-14 -3.4506014e-07 -3.5682671e-15  1.2655032e-06  1.9612021e-14 -1.0599045e-05  1.9425709e-07  9.2663944e-07  3.6748017e-14  3.0274876e-14  1.9916185e-05 -1.4005981e-05
  1.4031598e-14 -2.1883385e-07  8.2513339e-16  1.1272673e-15  3.8140933e-08  3.8183425e-16 -1.3612196e-07 -2.0986493e-15  1.1295195e-06 -2.0626805e-08 -1.7271445e-07 -4.1700997e-15 -3.4355392e-15 -1.4005981e-05   0.0056106329
Info in <Minuit2>: VariableMetricBuilder Start iterating until Edm is < 0.001 with call limit = 7500
Info in <Minuit2>: VariableMetricBuilder    0 - FCN =       76601.58116 Edm =       308757.1167 NCalls =    455
Info in <Minuit2>: VariableMetricBuilder    1 - FCN =       29422.39724 Edm =       279066.0628 NCalls =    508
Info in <Minuit2>: VariableMetricBuilder    2 - FCN =       28135.59887 Edm =       489470.7158 NCalls =    554
Info in <Minuit2>: VariableMetricBuilder    3 - FCN =       143.7552976 Edm =       4698.359388 NCalls =    626
Info in <Minuit2>: VariableMetricBuilder    4 - FCN =      -592.7379435 Edm =       645.4472302 NCalls =    680
Info in <Minuit2>: VariableMetricBuilder    5 - FCN =      -1079.044979 Edm =       127.0697383 NCalls =    732
Info in <Minuit2>: VariableMetricBuilder    6 - FCN =      -1441.601859 Edm =       27.97984078 NCalls =    780
Info in <Minuit2>: VariableMetricBuilder    7 - FCN =       -1479.07885 Edm =       9.920612479 NCalls =    824
Info in <Minuit2>: VariableMetricBuilder    8 - FCN =      -1489.648595 Edm =       6.426688097 NCalls =    870
Info in <Minuit2>: VariableMetricBuilder    9 - FCN =      -1576.801418 Edm =       12.93307661 NCalls =    923
Info in <Minuit2>: VariableMetricBuilder   10 - FCN =      -1604.329064 Edm =       5.686744996 NCalls =    973
Info in <Minuit2>: VariableMetricBuilder   11 - FCN =      -1615.106008 Edm =       4.860320271 NCalls =   1026
Info in <Minuit2>: VariableMetricBuilder   12 - FCN =      -1618.726895 Edm =       1.738012801 NCalls =   1073
Info in <Minuit2>: VariableMetricBuilder   13 - FCN =      -1621.955363 Edm =       1.594365658 NCalls =   1122
Info in <Minuit2>: VariableMetricBuilder   14 - FCN =      -1630.062542 Edm =       3.533187938 NCalls =   1178
Info in <Minuit2>: VariableMetricBuilder   15 - FCN =      -1633.378567 Edm =       1.659792244 NCalls =   1232
Info in <Minuit2>: VariableMetricBuilder   16 - FCN =       -1634.11294 Edm =      0.0490909928 NCalls =   1280
Info in <Minuit2>: VariableMetricBuilder   17 - FCN =      -1634.161574 Edm =    0.008273122787 NCalls =   1327
Info in <Minuit2>: VariableMetricBuilder   18 - FCN =      -1635.035805 Edm =       1.885950921 NCalls =   1380
Info in <Minuit2>: VariableMetricBuilder   19 - FCN =      -1635.063186 Edm =     0.02217058371 NCalls =   1429
Minuit2:0: RuntimeWarning: DavidonErrorUpdator delgam < 0 : first derivatives increasing along search line
Info in <Minuit2>: VariableMetricBuilder   20 - FCN =      -1659.494352 Edm =       8.392471817 NCalls =   1478
Minuit2:0: RuntimeWarning: VariableMetricBuilder Matrix not pos.def, gdel = 61.0729 > 0
Minuit2:0: RuntimeWarning: MnPosDef non-positive diagonal element in covariance matrix[ 9 ] = -0.00153959
Minuit2:0: RuntimeWarning: MnPosDef non-positive diagonal element in covariance matrix[ 14 ] = -0.116959
Minuit2:0: RuntimeWarning: MnPosDef Added to diagonal of Error matrix a value 0.61696
Minuit2:0: RuntimeWarning: VariableMetricBuilder gdel = -1.92613e+07
Minuit2:0: RuntimeWarning: VariableMetricBuilder No improvement in line search
Info in <Minuit2>: VariableMetricBuilder   21 - FCN =      -1659.494352 Edm =       8.392471817 NCalls =   1489
Minuit2:0: RuntimeWarning: VariableMetricBuilder Iterations finish without convergence; Edm 25.2404 Requested 0.001
Minuit2:0: RuntimeWarning: MnPosDef non-positive diagonal element in covariance matrix[ 9 ] = -537.801
Minuit2:0: RuntimeWarning: MnPosDef Added to diagonal of Error matrix a value 538.301
Minuit2:0: RuntimeWarning: MnPosDef Matrix forced pos-def by adding to diagonal 24.8759
Info in <Minuit2>: VariableMetricBuilder After Hessian
Info in <Minuit2>: VariableMetricBuilder   22 - FCN =      -1659.494352 Edm =       1650287.005 NCalls =   1663
Info in <Minuit2>: VariableMetricBuilder Tolerance not sufficient, continue minimization; Edm 1.65029e+06 Required 0.001
Minuit2:0: RuntimeWarning: DavidonErrorUpdator delgam < 0 : first derivatives increasing along search line
Info in <Minuit2>: VariableMetricBuilder   23 - FCN =      -1685.804841 Edm =       2001527.306 NCalls =   1706
Minuit2:0: RuntimeWarning: VariableMetricBuilder Matrix not pos.def, gdel = 295.396 > 0
Minuit2:0: RuntimeWarning: MnPosDef non-positive diagonal element in covariance matrix[ 9 ] = -0.00268894
Minuit2:0: RuntimeWarning: MnPosDef Added to diagonal of Error matrix a value 0.50269
Minuit2:0: RuntimeWarning: VariableMetricBuilder gdel = -1.37522e+07
Info in <Minuit2>: VariableMetricBuilder   24 - FCN =      -1704.467688 Edm =       404572.6015 NCalls =   1757
Minuit2:0: RuntimeWarning: DavidonErrorUpdator delgam < 0 : first derivatives increasing along search line
Info in <Minuit2>: VariableMetricBuilder   25 - FCN =      -1706.581488 Edm =         275509775 NCalls =   1804
Info in <Minuit2>: VariableMetricBuilder   26 - FCN =      -1706.584026 Edm =       113677.0482 NCalls =   1847
Info in <Minuit2>: VariableMetricBuilder   27 - FCN =      -1708.192781 Edm =       51064.73102 NCalls =   1893
Info in <Minuit2>: VariableMetricBuilder   28 - FCN =      -1779.841793 Edm =       42538.87171 NCalls =   1949
Info in <Minuit2>: VariableMetricBuilder   29 - FCN =      -1834.368195 Edm =       33346.20902 NCalls =   2001
Info in <Minuit2>: VariableMetricBuilder   30 - FCN =       -1834.98979 Edm =        1360.22769 NCalls =   2051
Info in <Minuit2>: VariableMetricBuilder   31 - FCN =      -1858.720127 Edm =       8044.339579 NCalls =   2109
Info in <Minuit2>: VariableMetricBuilder   32 - FCN =      -1877.184334 Edm =       10951.47113 NCalls =   2167
Info in <Minuit2>: VariableMetricBuilder   33 - FCN =      -1887.125794 Edm =       271.8198476 NCalls =   2220
Info in <Minuit2>: VariableMetricBuilder   34 - FCN =       -1901.71463 Edm =       132.9155837 NCalls =   2270
Info in <Minuit2>: VariableMetricBuilder   35 - FCN =      -1903.219973 Edm =       502.2995393 NCalls =   2319
Info in <Minuit2>: VariableMetricBuilder   36 - FCN =      -1904.525109 Edm =       543.3502504 NCalls =   2375
Info in <Minuit2>: VariableMetricBuilder   37 - FCN =       -1907.98658 Edm =       35.21424097 NCalls =   2431
Info in <Minuit2>: VariableMetricBuilder   38 - FCN =      -1912.370885 Edm =       21.28332112 NCalls =   2483
Info in <Minuit2>: VariableMetricBuilder   39 - FCN =      -1914.021446 Edm =       11.80020377 NCalls =   2533
Info in <Minuit2>: VariableMetricBuilder   40 - FCN =      -1921.085025 Edm =       5.099746593 NCalls =   2585
Info in <Minuit2>: VariableMetricBuilder   41 - FCN =      -1924.425103 Edm =      0.4825873791 NCalls =   2631
Minuit2:0: RuntimeWarning: VariableMetricBuilder Matrix not pos.def., try to make pos.def.
Minuit2:0: RuntimeWarning: MnPosDef Matrix forced pos-def by adding to diagonal 0.552809
Info in <Minuit2>: VariableMetricBuilder   42 - FCN =      -1924.613748 Edm =       1.009586306 NCalls =   2679
Info in <Minuit2>: VariableMetricBuilder   43 - FCN =      -1925.219392 Edm =       0.139801532 NCalls =   2727
Info in <Minuit2>: VariableMetricBuilder   44 - FCN =      -1925.372206 Edm =       6.550006742 NCalls =   2767
Minuit2:0: RuntimeWarning: VariableMetricBuilder No improvement in line search
Info in <Minuit2>: VariableMetricBuilder   45 - FCN =      -1925.372206 Edm =       6.550006742 NCalls =   2778
Minuit2:0: RuntimeWarning: VariableMetricBuilder Iterations finish without convergence; Edm 9.23752 Requested 0.001
Minuit2:0: RuntimeWarning: VariableMetricBuilder FunctionMinimum is invalid after second try
Minuit2:0: RuntimeWarning: Minuit2Minimizer::Minimize Minimization did NOT converge, Edm is above max
Minuit2Minimizer : Invalid Minimum - status = 3
FVAL  = -1925.37
Edm   = 6.55001
Nfcn  = 2767
Info in <Minuit2>: Minuit2Minimizer::Hesse Using max-calls 7500
Minuit2:0: RuntimeWarning: MnPosDef non-positive diagonal element in covariance matrix[ 1 ] = -0.00593046
Minuit2:0: RuntimeWarning: MnPosDef Added to diagonal of Error matrix a value 0.505931
Info in <Minuit2>: Minuit2Minimizer::Hesse Hesse is valid - matrix is accurate
fit with Hesse strategy 2 done, now Minos
Minuit2Minimizer: Minimize with max-calls 7500 convergence for edm < 1 strategy 2
Info in <Minuit2>: MnSeedGenerator Initial state: FCN =      -1925.372206 Edm =       3.205097959 NCalls =     39
Info in <Minuit2>: MnSeedGenerator Negative G2 found - new state: 
  Minimum value : -1928.771981
  Edm           : 3.191691866
  Internal parameters:
     -1.222903482
      -2.29206126
      -1.02973339
    -0.8720167767
     -1.221278306
     -1.137991948
     -1.530989532
    -0.8730963569
    -0.7903681889
    -0.6519524236
     -0.951937504
     -0.846551566
    -0.9475285107
     -1.544325008
    -0.3408392744
  Internal gradient  :
     -330736.3172
      4.794191945
      9.534990937
    -0.5607561218
     -1276.657596
     -1.292441342
      82.92857832
     -3.696709952
      29.18067738
      1.593949072
      1.981560624
      6.116095456
     -2.738693702
      26.83233478
      13.81165067
  Internal covariance matrix:
   1.763385e-12              0              0              0              0              0              0              0              0              0              0              0              0              0              0
              0   0.0065372047              0              0              0              0              0              0              0              0              0              0              0              0              0
              0              0  0.00065120993              0              0              0              0              0              0              0              0              0              0              0              0
              0              0              0   0.0012360916              0              0              0              0              0              0              0              0              0              0              0
              0              0              0              0  4.6136234e-06              0              0              0              0              0              0              0              0              0              0
              0              0              0              0              0  0.00014173208              0              0              0              0              0              0              0              0              0
              0              0              0              0              0              0  2.4123247e-06              0              0              0              0              0              0              0              0
              0              0              0              0              0              0              0   0.0044033282              0              0              0              0              0              0              0
              0              0              0              0              0              0              0              0  0.00046789437              0              0              0              0              0              0
              0              0              0              0              0              0              0              0              0   0.0010458943              0              0              0              0              0
              0              0              0              0              0              0              0              0              0              0   0.0012882832              0              0              0              0
              0              0              0              0              0              0              0              0              0              0              0    0.017105547              0              0              0
              0              0              0              0              0              0              0              0              0              0              0              0    0.015404724              0              0
              0              0              0              0              0              0              0              0              0              0              0              0              0  1.8080091e-05              0
              0              0              0              0              0              0              0              0              0              0              0              0              0              0    0.018834703
Info in <Minuit2>: MnSeedGenerator run Hesse - new state: 
  Minimum value : -1928.771981
  Edm           : 3.581039746
  Internal parameters:
     -1.222903482
      -2.29206126
      -1.02973339
    -0.8720167767
     -1.221278306
     -1.137991948
     -1.530989532
    -0.8730963569
    -0.7903681889
    -0.6519524236
     -0.951937504
     -0.846551566
    -0.9475285107
     -1.544325008
    -0.3408392744
  Internal gradient  :
     -50.83984489
      4.791985782
      9.534260303
    -0.5612819462
     -1276.658789
     -1.293397296
      82.93074084
     -3.697242974
      29.18061445
      1.593623318
      1.980952998
      6.115633494
     -2.739329113
      26.82587985
      13.81134656
  Internal covariance matrix:
  1.7633852e-12 -7.0430247e-13 -3.3880611e-23 -5.6263828e-19  -4.522234e-15 -1.9051869e-19 -1.0931233e-13  1.0694512e-18 -1.7580433e-13  1.0666154e-13  1.1726808e-15 -2.0931495e-18  1.9861631e-18  4.4784131e-13 -9.7905964e-12
 -7.0430247e-13   0.0089364993  1.5245722e-14  5.8852776e-13 -6.1965776e-06   2.238368e-13  3.6054524e-05 -8.1959782e-13 -0.00062461007 -3.6579357e-05  0.00015016299  2.2724689e-12  -1.831179e-12 -0.00011299919  -0.0038985868
 -3.3880611e-23  1.5245722e-14  0.00065120993 -2.2174941e-13  1.3734955e-14 -7.5088119e-14  2.0724598e-15  4.1853104e-13 -8.2265128e-15 -2.0789639e-13  2.2652608e-13  8.2490822e-13  7.8282395e-13 -8.2942163e-15  1.9037923e-13
 -5.6263828e-19  5.8852776e-13 -2.2174941e-13   0.0012360916 -3.9923791e-14  2.9494571e-22 -3.0482874e-14  9.2975111e-22 -1.9430914e-13  4.9552478e-14  2.4632292e-14  3.5278716e-22 -2.1570436e-12  8.6715845e-14 -4.8014237e-13
  -4.522234e-15 -6.1965776e-06  1.3734955e-14 -3.9923791e-14  4.6557822e-06  -1.351743e-14  2.7957467e-07 -7.0579662e-15 -2.0296675e-06 -2.9562402e-07  8.8327628e-09 -8.3197281e-15  8.4711951e-15 -1.1401566e-06  2.3410549e-05
 -1.9051869e-19   2.238368e-13 -7.5088119e-14  2.9494571e-22  -1.351743e-14  0.00014173208 -1.0384866e-14  3.9050917e-13 -6.6282326e-14   1.679511e-14  2.1969379e-13  1.2750412e-21 -6.8685389e-22  2.9537606e-14 -1.5479825e-13
 -1.0931233e-13  3.6054524e-05  2.0724598e-15 -3.0482874e-14  2.7957467e-07 -1.0384866e-14  4.4342798e-06  -7.461656e-14 -9.3217526e-06 -6.7607843e-06 -3.8438884e-07 -1.0566906e-13  1.1244951e-13 -1.0164964e-05  0.00015186408
  1.0694512e-18 -8.1959782e-13  4.1853104e-13  9.2975111e-22 -7.0579662e-15  3.9050917e-13  -7.461656e-14   0.0044033282 -6.7520865e-13  2.8917798e-13 -2.0961187e-14  4.2900825e-12 -1.6167104e-21  5.3150698e-13 -1.0696115e-11
 -1.7580433e-13 -0.00062461007 -8.2265128e-15 -1.9430914e-13 -2.0296675e-06 -6.6282326e-14 -9.3217526e-06 -6.7520865e-13  0.00054701685  8.9409378e-06 -2.9722023e-06 -7.8928021e-13  7.2698462e-13  4.0574241e-05 -0.00084578209
  1.0666154e-13 -3.6579357e-05 -2.0789639e-13  4.9552478e-14 -2.9562402e-07   1.679511e-14 -6.7607843e-06  2.8917798e-13  8.9409378e-06   0.0010615683  9.6633214e-08  1.7560793e-13 -2.1804919e-12  2.6311947e-05  -0.0005807568
  1.1726808e-15  0.00015016299  2.2652608e-13  2.4632292e-14  8.8327628e-09  2.1969379e-13 -3.8438884e-07 -2.0961187e-14 -2.9722023e-06  9.6633214e-08   0.0012926966  2.4137931e-12  -8.739309e-14  1.0651387e-06  4.7622169e-05
 -2.0931495e-18  2.2724689e-12  8.2490822e-13  3.5278716e-22 -8.3197281e-15  1.2750412e-21 -1.0566906e-13  4.2900825e-12 -7.8928021e-13  1.7560793e-13  2.4137931e-12    0.017105547  8.0242062e-12  2.9016728e-13 -9.9572487e-13
  1.9861631e-18  -1.831179e-12  7.8282395e-13 -2.1570436e-12  8.4711951e-15 -6.8685389e-22  1.1244951e-13 -1.6167104e-21  7.2698462e-13 -2.1804919e-12  -8.739309e-14  8.0242062e-12    0.015404724 -3.2346732e-13  2.1279114e-12
  4.4784131e-13 -0.00011299919 -8.2942163e-15  8.6715845e-14 -1.1401566e-06  2.9537606e-14 -1.0164964e-05  5.3150698e-13  4.0574241e-05  2.6311947e-05  1.0651387e-06  2.9016728e-13 -3.2346732e-13   5.209642e-05 -0.00089908233
 -9.7905964e-12  -0.0038985868  1.9037923e-13 -4.8014237e-13  2.3410549e-05 -1.5479825e-13  0.00015186408 -1.0696115e-11 -0.00084578209  -0.0005807568  4.7622169e-05 -9.9572487e-13  2.1279114e-12 -0.00089908233     0.03895078
Info in <Minuit2>: VariableMetricBuilder Start iterating until Edm is < 0.001 with call limit = 7500
Info in <Minuit2>: VariableMetricBuilder    0 - FCN =      -1928.771981 Edm =       3.581039746 NCalls =    258
Info in <Minuit2>: VariableMetricBuilder    1 - FCN =      -1932.174109 Edm =      0.2839778959 NCalls =    292
Info in <Minuit2>: VariableMetricBuilder    2 - FCN =      -1932.357721 Edm =     0.08685552989 NCalls =    327
Info in <Minuit2>: VariableMetricBuilder    3 - FCN =      -1932.407691 Edm =     0.02873297343 NCalls =    372
Info in <Minuit2>: VariableMetricBuilder    4 - FCN =      -1932.447571 Edm =    0.006227927543 NCalls =    412
