
[1mRooFit v3.60 -- Developed by Wouter Verkerke and David Kirkby[0m 
                Copyright (C) 2000-2013 NIKHEF, University of California & Stanford University
                All rights reserved, please read http://roofit.sourceforge.net/license.txt

Error in <TUnixSystem::FindDynamicLibrary>: ../utils/func_roofit/libRooGaussDoubleSidedExp[.so | .dll | .dylib | .sl | .dl | .a] does not exist in /cvmfs/sw.el7/gcc63/root/6.24.06/b01/lib64:/cvmfs/sw.el7/gcc63/root/6.24.06/b01/lib:/cvmfs/sw.el7/gcc63/pythia/8.2.40/b02/lib:/cvmfs/sw.el7/gcc/6.3/lib64:/cvmfs/sw.el7/gcc/6.3/lib:/cvmfs/sw.el7/gcc/6.3/libexec/gcc/x86_64-unknown-linux-gnu/6.3.1:.:/cvmfs/sw.el7/gcc63/root/6.24.06/b01/lib:/lib64/tls/x86_64:/lib64/tls:/lib64/x86_64:/lib64:/usr/lib64/tls/x86_64:/usr/lib64/tls:/usr/lib64/x86_64:/usr/lib64:/cvmfs/sw.el7/gcc63/root/6.24.06/b01/python/lib:/cvmfs/sw.el7/gcc63/root/6.24.06
start function declaration
mc file name: /lstore/cms/boletti/Run2-BdToKstarMuMu/2018MC_PSI_newphi_punzi_removeTkMu_fixBkg_B0Psicut_addxcutvariable.root
data file name: /lstore/cms/boletti/Run2-BdToKstarMuMu/2018data_newphi_punzi_removeTkMu_fixBkg_B0Psicut_addxcutvariable.root
reading data...
[#0] ERROR:InputArguments -- Didn't find a branch in Tree 'ntuple' to read variable 'weight' from.
	Note: Name the RooFit variable the same as the branch.
it worked :)
reading monte carlo...
dimuon selection:  keepPsiP
dimuon selection:  keepPsiP
dimuon selection:  keepPsiP
dimuon selection:  keepPsiP
dimuon selection:  keepPsiP
dimuon selection:  keepPsiP
dimuon selection:  keepPsiP
now fitting:  6  for  correctTag  
fitting the mc...
 **********
 **    1 **SET PRINT           1
 **********
 **********
 **    2 **SET NOGRAD
 **********
 PARAMETER DEFINITIONS:
    NO.   NAME         VALUE      STEP SIZE      LIMITS
     1 #alpha_{RT1}^{6}   1.50000e+00  7.50000e-01    0.00000e+00  1.00000e+01
     2 #alpha_{RT2}^{6}  -2.00000e+00  1.00000e+00   -1.00000e+01  0.00000e+00
     3 #sigma_{RT1}^{6}   2.80000e-02  1.40000e-02    0.00000e+00  1.00000e+00
     4 #sigma_{RT2}^{6}   4.80000e-02  2.40000e-02    0.00000e+00  1.00000e+00
     5 f^{RT6}      8.00000e-01  1.00000e-01    0.00000e+00  1.00000e+00
     6 mean_{RT}^{6}   5.27958e+00  2.00000e-02    5.20000e+00  5.40000e+00
     7 n_{RT1}^{6}   1.00000e+00  4.99500e-01    1.00000e-03  2.00000e+02
     8 n_{RT2}^{6}   1.00000e+00  4.99500e-01    1.00000e-03  2.00000e+02
 **********
 **    3 **SET ERR         0.5
 **********
 **********
 **    4 **SET PRINT           1
 **********
 **********
 **    5 **SET STR           1
 **********
 NOW USING STRATEGY  1: TRY TO BALANCE SPEED AGAINST RELIABILITY
 **********
 **    6 **MIGRAD        4000           1
 **********
 FIRST CALL TO USER FUNCTION AT NEW START POINT, WITH IFLAG=4.
 START MIGRAD MINIMIZATION.  STRATEGY  1.  CONVERGENCE WHEN EDM .LT. 1.00e-03
 FCN=-347762 FROM MIGRAD    STATUS=INITIATE       34 CALLS          35 TOTAL
                     EDM= unknown      STRATEGY= 1      NO ERROR MATRIX       
  EXT PARAMETER               CURRENT GUESS       STEP         FIRST   
  NO.   NAME      VALUE            ERROR          SIZE      DERIVATIVE 
   1  #alpha_{RT1}^{6}   1.50000e+00   7.50000e-01   2.16811e-01  -8.16858e+04
   2  #alpha_{RT2}^{6}  -2.00000e+00   1.00000e+00   2.57889e-01   1.18991e+04
   3  #sigma_{RT1}^{6}   2.80000e-02   1.40000e-02   8.78020e-02  -2.78353e+04
   4  #sigma_{RT2}^{6}   4.80000e-02   2.40000e-02   1.16111e-01   1.40787e+04
   5  f^{RT6}      8.00000e-01   1.00000e-01   2.57889e-01   5.18928e+03
   6  mean_{RT}^{6}   5.27958e+00   2.00000e-02   2.05952e-01  -2.68078e+04
   7  n_{RT1}^{6}   1.00000e+00   4.99500e-01   3.66720e-02  -2.06343e+05
   8  n_{RT2}^{6}   1.00000e+00   4.99500e-01   3.66720e-02  -1.74314e+04
                               ERR DEF= 0.5
 MIGRAD MINIMIZATION HAS CONVERGED.
 FCN=-359815 FROM MIGRAD    STATUS=CONVERGED     550 CALLS         551 TOTAL
                     EDM=1.00854e-05    STRATEGY= 1  ERROR MATRIX UNCERTAINTY   3.0 per cent
  EXT PARAMETER                                   STEP         FIRST   
  NO.   NAME      VALUE            ERROR          SIZE      DERIVATIVE 
   1  #alpha_{RT1}^{6}   1.23146e+00   4.58726e-02  -1.36042e-04   4.10164e-01
   2  #alpha_{RT2}^{6}  -2.93976e+00   7.00699e-02  -1.75742e-05  -6.90215e-02
   3  #sigma_{RT1}^{6}   2.47306e-02   3.57316e-04   3.43857e-06  -2.23834e+00
   4  #sigma_{RT2}^{6}   4.05597e-02   2.45980e-04  -6.88476e-06  -1.34967e+00
   5  f^{RT6}      4.11240e-01   1.46481e-02   3.13264e-05   1.52321e-01
   6  mean_{RT}^{6}   5.27948e+00   1.18126e-04   7.74063e-06   1.07016e+00
   7  n_{RT1}^{6}   7.16552e+00   7.81072e-01   2.29366e-04  -3.70677e-02
   8  n_{RT2}^{6}   2.78381e+00   4.74491e-01  -5.58888e-05   7.26574e-02
                               ERR DEF= 0.5
 EXTERNAL ERROR MATRIX.    NDIM=  25    NPAR=  8    ERR DEF=0.5
  2.104e-03 -2.324e-04  6.891e-06  6.960e-06  1.815e-04 -3.753e-06 -2.853e-02 -9.534e-04 
 -2.324e-04  4.910e-03  2.216e-06 -1.272e-06  7.778e-05  5.350e-07  5.632e-03  2.868e-02 
  6.891e-06  2.216e-06  1.277e-07  5.069e-08  4.456e-06 -3.441e-09  3.305e-05  5.822e-06 
  6.960e-06 -1.272e-06  5.069e-08  6.051e-08  2.644e-06 -8.810e-09 -3.698e-05 -4.763e-06 
  1.815e-04  7.778e-05  4.456e-06  2.644e-06  2.146e-04  1.199e-07  3.077e-03  1.415e-04 
 -3.753e-06  5.350e-07 -3.441e-09 -8.810e-09  1.199e-07  1.395e-08  5.959e-05  8.941e-07 
 -2.853e-02  5.632e-03  3.305e-05 -3.698e-05  3.077e-03  5.959e-05  6.102e-01  2.007e-02 
 -9.534e-04  2.868e-02  5.822e-06 -4.763e-06  1.415e-04  8.941e-07  2.007e-02  2.252e-01 
 PARAMETER  CORRELATION COEFFICIENTS  
       NO.  GLOBAL      1      2      3      4      5      6      7      8
        1  0.97544   1.000 -0.072  0.420  0.617  0.270 -0.693 -0.796 -0.044
        2  0.87380  -0.072  1.000  0.089 -0.074  0.076  0.065  0.103  0.863
        3  0.93410   0.420  0.089  1.000  0.577  0.851 -0.082  0.118  0.034
        4  0.91049   0.617 -0.074  0.577  1.000  0.734 -0.303 -0.192 -0.041
        5  0.95024   0.270  0.076  0.851  0.734  1.000  0.069  0.269  0.020
        6  0.75528  -0.693  0.065 -0.082 -0.303  0.069  1.000  0.646  0.016
        7  0.95802  -0.796  0.103  0.118 -0.192  0.269  0.646  1.000  0.054
        8  0.86883  -0.044  0.863  0.034 -0.041  0.020  0.016  0.054  1.000
 **********
 **    7 **SET ERR         0.5
 **********
 **********
 **    8 **SET PRINT           1
 **********
 **********
 **    9 **HESSE        4000
 **********
 COVARIANCE MATRIX CALCULATED SUCCESSFULLY
 FCN=-359815 FROM HESSE     STATUS=OK             75 CALLS         626 TOTAL
                     EDM=0.000149838    STRATEGY= 1      ERROR MATRIX ACCURATE 
  EXT PARAMETER                                INTERNAL      INTERNAL  
  NO.   NAME      VALUE            ERROR       STEP SIZE       VALUE   
   1  #alpha_{RT1}^{6}   1.23146e+00   4.26419e-02   1.26920e-03  -8.53687e-01
   2  #alpha_{RT2}^{6}  -2.93976e+00   6.80141e-02   3.15919e-03   4.24701e-01
   3  #sigma_{RT1}^{6}   2.47306e-02   4.05623e-04   3.45843e-04  -1.25497e+00
   4  #sigma_{RT2}^{6}   4.05597e-02   2.58341e-04   2.15640e-04  -1.16523e+00
   5  f^{RT6}      4.11240e-01   1.61275e-02   3.91740e-03  -1.78466e-01
   6  mean_{RT}^{6}   5.27948e+00   1.22324e-04   3.47315e-04  -2.06638e-01
   7  n_{RT1}^{6}   7.16552e+00   6.84174e-01   2.51350e-03  -1.18996e+00
   8  n_{RT2}^{6}   2.78381e+00   4.37189e-01   4.00434e-03  -1.33433e+00
                               ERR DEF= 0.5
 EXTERNAL ERROR MATRIX.    NDIM=  25    NPAR=  8    ERR DEF=0.5
  1.818e-03 -1.080e-04  9.189e-06  6.944e-06  2.699e-04 -3.565e-06 -1.997e-02 -2.677e-04 
 -1.080e-04  4.626e-03  2.174e-06 -8.885e-07  6.714e-05  2.018e-07  3.672e-03  2.532e-02 
  9.189e-06  2.174e-06  1.645e-07  6.613e-08  5.688e-06 -1.142e-08  4.237e-05  4.666e-06 
  6.944e-06 -8.885e-07  6.613e-08  6.674e-08  3.274e-06 -9.814e-09 -1.225e-05 -2.805e-06 
  2.699e-04  6.714e-05  5.688e-06  3.274e-06  2.602e-04 -1.129e-07  3.244e-03  1.230e-04 
 -3.565e-06  2.018e-07 -1.142e-08 -9.814e-09 -1.129e-07  1.496e-08  4.525e-05  2.537e-07 
 -1.997e-02  3.672e-03  4.237e-05 -1.225e-05  3.244e-03  4.525e-05  4.681e-01  7.967e-03 
 -2.677e-04  2.532e-02  4.666e-06 -2.805e-06  1.230e-04  2.537e-07  7.967e-03  1.912e-01 
 PARAMETER  CORRELATION COEFFICIENTS  
       NO.  GLOBAL      1      2      3      4      5      6      7      8
        1  0.97175   1.000 -0.037  0.531  0.630  0.392 -0.683 -0.685 -0.014
        2  0.85971  -0.037  1.000  0.079 -0.051  0.061  0.024  0.079  0.851
        3  0.94754   0.531  0.079  1.000  0.631  0.869 -0.230  0.153  0.026
        4  0.91758   0.630 -0.051  0.631  1.000  0.786 -0.311 -0.069 -0.025
        5  0.95747   0.392  0.061  0.869  0.786  1.000 -0.057  0.294  0.017
        6  0.74156  -0.683  0.024 -0.230 -0.311 -0.057  1.000  0.541  0.005
        7  0.94395  -0.685  0.079  0.153 -0.069  0.294  0.541  1.000  0.027
        8  0.85554  -0.014  0.851  0.026 -0.025  0.017  0.005  0.027  1.000
fit status:  0 3
doublecb_RT6  -----> plotting  
Info in <TCanvas::MakeDefCanvas>:  created default TCanvas with name c1
cbshape_RT1_6  -----> plotting  
cbshape_RT2_6  -----> plotting  
setting nRT to  192011.0
Info in <TCanvas::Print>: pdf file fit_results_mass_checkOnMC/newbdt_puw/save_fit_mc_6_2018_RT_newSigmaFRT_asInANv8.pdf has been created
now fitting:  6  for   wrongTag
fitting the mc...
 **********
 **    1 **SET PRINT           1
 **********
 **********
 **    2 **SET NOGRAD
 **********
 PARAMETER DEFINITIONS:
    NO.   NAME         VALUE      STEP SIZE      LIMITS
     1 #alpha_{WT1}^{6}   5.00000e-01  2.50000e-01    0.00000e+00  1.00000e+01
     2 #alpha_{WT2}^{6}   2.50000e+00  1.00000e+00    0.00000e+00  1.00000e+01
     3 #sigma_{WT1}^{6}   3.00000e-02  1.50000e-02    0.00000e+00  1.00000e+00
     4 mean_{WT}^{6}   5.27958e+00  1.00000e-01    5.00000e+00  6.00000e+00
     5 n_{WT1}^{6}   1.00000e+00  4.95000e-01    1.00000e-02  1.00000e+02
     6 n_{WT2}^{6}   1.00000e+00  4.95000e-01    1.00000e-02  1.00000e+02
 **********
 **    3 **SET ERR         0.5
 **********
 **********
 **    4 **SET PRINT           1
 **********
 **********
 **    5 **SET STR           1
 **********
 NOW USING STRATEGY  1: TRY TO BALANCE SPEED AGAINST RELIABILITY
 **********
 **    6 **MIGRAD        3000           1
 **********
 FIRST CALL TO USER FUNCTION AT NEW START POINT, WITH IFLAG=4.
 START MIGRAD MINIMIZATION.  STRATEGY  1.  CONVERGENCE WHEN EDM .LT. 1.00e-03
 FCN=-23164.4 FROM MIGRAD    STATUS=INITIATE       24 CALLS          25 TOTAL
                     EDM= unknown      STRATEGY= 1      NO ERROR MATRIX       
  EXT PARAMETER               CURRENT GUESS       STEP         FIRST   
  NO.   NAME      VALUE            ERROR          SIZE      DERIVATIVE 
   1  #alpha_{WT1}^{6}   5.00000e-01   2.50000e-01   1.18625e-01  -2.73772e+04
   2  #alpha_{WT2}^{6}   2.50000e+00   1.00000e+00   2.35352e-01   1.82688e+04
   3  #sigma_{WT1}^{6}   3.00000e-02   1.50000e-02   9.09734e-02  -5.93186e+04
   4  mean_{WT}^{6}   5.27958e+00   1.00000e-01   2.26180e-01  -1.09005e+05
   5  n_{WT1}^{6}   1.00000e+00   4.95000e-01   5.17524e-02  -5.05491e+04
   6  n_{WT2}^{6}   1.00000e+00   4.95000e-01   5.17524e-02   1.32072e+04
                               ERR DEF= 0.5
 MIGRAD MINIMIZATION HAS CONVERGED.
 MIGRAD WILL VERIFY CONVERGENCE AND ERROR MATRIX.
 COVARIANCE MATRIX CALCULATED SUCCESSFULLY
 FCN=-32762.5 FROM HESSE     STATUS=OK             44 CALLS         365 TOTAL
                     EDM=0.0174587    STRATEGY= 1      ERROR MATRIX ACCURATE 
  EXT PARAMETER                                   STEP         FIRST   
  NO.   NAME      VALUE            ERROR          SIZE      DERIVATIVE 
   1  #alpha_{WT1}^{6}   9.88794e-01   3.71454e-02   4.01775e-04   5.01046e-01
   2  #alpha_{WT2}^{6}   1.32894e+00   6.58957e-02   6.07321e-04   5.08438e-01
   3  #sigma_{WT1}^{6}   5.32547e-02   9.04291e-04   1.73483e-04  -2.45456e+00
   4  mean_{WT}^{6}   5.27529e+00   5.73369e-04   1.13385e-04  -1.31180e-02
   5  n_{WT1}^{6}   1.03095e+01   1.93262e+00   3.11146e-03  -4.21730e-02
   6  n_{WT2}^{6}   2.01242e+01   8.73353e+00   9.91065e-03  -8.78290e-01
                               ERR DEF= 0.5
 MIGRAD MINIMIZATION HAS CONVERGED.
 FCN=-32762.5 FROM MIGRAD    STATUS=CONVERGED     378 CALLS         379 TOTAL
                     EDM=9.2767e-05    STRATEGY= 1  ERROR MATRIX UNCERTAINTY   9.1 per cent
  EXT PARAMETER                                   STEP         FIRST   
  NO.   NAME      VALUE            ERROR          SIZE      DERIVATIVE 
   1  #alpha_{WT1}^{6}   9.90078e-01   3.68354e-02   4.30049e-04   2.85633e-01
   2  #alpha_{WT2}^{6}   1.33674e+00   5.93788e-02   2.29602e-03  -2.18645e+00
   3  #sigma_{WT1}^{6}   5.33097e-02   8.81824e-04   2.44753e-04   3.94404e+00
   4  mean_{WT}^{6}   5.27530e+00   5.71517e-04   2.74643e-05   3.38646e+00
   5  n_{WT1}^{6}   1.02916e+01   1.92934e+00  -5.89092e-04   6.72391e-03
   6  n_{WT2}^{6}   1.89404e+01   7.17159e+00   2.98720e-02   1.65461e-01
                               ERR DEF= 0.5
 EXTERNAL ERROR MATRIX.    NDIM=  25    NPAR=  6    ERR DEF=0.5
  1.357e-03  1.098e-03  2.427e-05 -1.140e-05 -5.871e-02  6.538e-02 
  1.098e-03  3.526e-03  3.905e-05  8.359e-07 -2.410e-02  3.605e-01 
  2.427e-05  3.905e-05  7.776e-07 -1.699e-07 -6.079e-04  2.544e-03 
 -1.140e-05  8.359e-07 -1.699e-07  3.266e-07  4.437e-04  5.159e-04 
 -5.871e-02 -2.410e-02 -6.079e-04  4.437e-04  3.727e+00 -1.249e+00 
  6.538e-02  3.605e-01  2.544e-03  5.159e-04 -1.249e+00  5.202e+01 
 PARAMETER  CORRELATION COEFFICIENTS  
       NO.  GLOBAL      1      2      3      4      5      6
        1  0.96544   1.000  0.502  0.747 -0.542 -0.826  0.246
        2  0.96081   0.502  1.000  0.746  0.025 -0.210  0.842
        3  0.93564   0.747  0.746  1.000 -0.337 -0.357  0.400
        4  0.70545  -0.542  0.025 -0.337  1.000  0.402  0.125
        5  0.91953  -0.826 -0.210 -0.357  0.402  1.000 -0.090
        6  0.91355   0.246  0.842  0.400  0.125 -0.090  1.000
 **********
 **    7 **SET ERR         0.5
 **********
 **********
 **    8 **SET PRINT           1
 **********
 **********
 **    9 **HESSE        3000
 **********
 COVARIANCE MATRIX CALCULATED SUCCESSFULLY
 FCN=-32762.5 FROM HESSE     STATUS=OK             44 CALLS         423 TOTAL
                     EDM=0.000119217    STRATEGY= 1      ERROR MATRIX ACCURATE 
  EXT PARAMETER                                INTERNAL      INTERNAL  
  NO.   NAME      VALUE            ERROR       STEP SIZE       VALUE   
   1  #alpha_{WT1}^{6}   9.90078e-01   3.73924e-02   4.01764e-04  -9.30610e-01
   2  #alpha_{WT2}^{6}   1.33674e+00   6.25496e-02   6.07350e-04  -8.22209e-01
   3  #sigma_{WT1}^{6}   5.33097e-02   8.85165e-04   1.73469e-04  -1.10481e+00
   4  mean_{WT}^{6}   5.27530e+00   5.73653e-04   4.53540e-05  -4.66086e-01
   5  n_{WT1}^{6}   1.02916e+01   1.96292e+00   1.24458e-03  -9.17932e-01
   6  n_{WT2}^{6}   1.89404e+01   7.30285e+00   9.91441e-03  -2.47112e+00
                               ERR DEF= 0.5
 EXTERNAL ERROR MATRIX.    NDIM=  25    NPAR=  6    ERR DEF=0.5
  1.398e-03  1.159e-03  2.469e-05 -1.157e-05 -6.107e-02  7.004e-02 
  1.159e-03  3.913e-03  4.114e-05  1.378e-06 -2.572e-02  3.949e-01 
  2.469e-05  4.114e-05  7.835e-07 -1.679e-07 -6.307e-04  2.735e-03 
 -1.157e-05  1.378e-06 -1.679e-07  3.291e-07  4.584e-04  5.694e-04 
 -6.107e-02 -2.572e-02 -6.307e-04  4.584e-04  3.858e+00 -1.337e+00 
  7.004e-02  3.949e-01  2.735e-03  5.694e-04 -1.337e+00  5.396e+01 
 PARAMETER  CORRELATION COEFFICIENTS  
       NO.  GLOBAL      1      2      3      4      5      6
        1  0.96640   1.000  0.495  0.746 -0.539 -0.831  0.255
        2  0.96408   0.495  1.000  0.743  0.038 -0.209  0.859
        3  0.93583   0.746  0.743  1.000 -0.331 -0.363  0.421
        4  0.70807  -0.539  0.038 -0.331  1.000  0.407  0.135
        5  0.92260  -0.831 -0.209 -0.363  0.407  1.000 -0.093
        6  0.92352   0.255  0.859  0.421  0.135 -0.093  1.000
Info in <TCanvas::Print>: pdf file fit_results_mass_checkOnMC/newbdt_puw/save_fit_mc_6_2018_WT_newSigmaFRT_asInANv8.pdf has been created
fit status:  0 3
doublecb_6  -----> plotting  
setting nWT to  27944.0
mistag fraction on MC for bin  6  :  0.127044168125 +/- 0.276142986869
constraining var #sigma_{RT1}^{6} :  0.0247305710039  with uncertainty  0.000405622936656
constraining var #alpha_{RT1}^{6} :  1.23145612381  with uncertainty  0.0426418661098
constraining var n_{RT1}^{6} :  7.16552078573  with uncertainty  0.684173925976
constraining var #sigma_{WT1}^{6} :  0.0533097081932  with uncertainty  0.000885164819812
constraining var #alpha_{WT1}^{6} :  0.990078432382  with uncertainty  0.037392425922
constraining var #alpha_{WT2}^{6} :  1.33674402432  with uncertainty  0.0625496318276
constraining var n_{WT1}^{6} :  10.29162669  with uncertainty  1.96291613787
constraining var n_{WT2}^{6} :  18.9403999394  with uncertainty  7.30285246499
constraining var #alpha_{RT2}^{6} :  -2.93975703832  with uncertainty  0.0680141102454
constraining var n_{RT2}^{6} :  2.78380874999  with uncertainty  0.437189116835
constraining var #sigma_{RT2}^{6} :  0.0405597161509  with uncertainty  0.000258340647515
constraining var f^{RT6} :  0.411239849884  with uncertainty  0.0161274649404
nsig is
219955.0
here
total pdf created
Minuit2Minimizer: Minimize with max-calls 8500 convergence for edm < 1 strategy 2
Info in <Minuit2>: MnSeedGenerator Initial state: FCN =       213065.7324 Edm =       303893.5831 NCalls =     55
Info in <Minuit2>: MnSeedGenerator Negative G2 found - new state: 
  Minimum value : 149472.2387
  Edm           : 213263.1333
  Internal parameters:
     -1.559859343
      0.424701252
    -0.9306097373
     -0.822209182
     -1.254966179
     -1.165233704
     -1.104813882
     -0.594494435
      1.562804695
    -0.8419025663
     -1.551951982
     -1.189960898
     -1.334329579
    -0.9179316992
    -0.6704697728
     -1.485490177
      1.156563513
  Internal gradient  :
      16601.80707
     -0.116982117
    0.04784547537
    0.03836211086
      24207.30464
     -12.44637605
    0.07085998644
      288443.7499
     -116.3596114
    0.03991039699
      319.9789207
     0.2155087358
     0.1783040974
    0.04659581927
    0.02825571599
      5751.607224
    -0.5408482743
  Internal covariance matrix:
  1.3204886e-06              0              0              0              0              0              0              0              0              0              0              0              0              0              0              0              0
              0   0.0004459783              0              0              0              0              0              0              0              0              0              0              0              0              0              0              0
              0              0   0.0003134773              0              0              0              0              0              0              0              0              0              0              0              0              0              0
              0              0              0  0.00067569479              0              0              0              0              0              0              0              0              0              0              0              0              0
              0              0              0              0    8.82446e-06              0              0              0              0              0              0              0              0              0              0              0              0
              0              0              0              0              0  3.4309969e-06              0              0              0              0              0              0              0              0              0              0              0
              0              0              0              0              0              0  3.1050153e-05              0              0              0              0              0              0              0              0              0              0
              0              0              0              0              0              0              0  1.0180605e-05              0              0              0              0              0              0              0              0              0
              0              0              0              0              0              0              0              0  0.00013655277              0              0              0              0              0              0              0              0
              0              0              0              0              0              0              0              0              0  2.1820684e-05              0              0              0              0              0              0              0
              0              0              0              0              0              0              0              0              0              0  0.00011782993              0              0              0              0              0              0
              0              0              0              0              0              0              0              0              0              0              0  0.00067783637              0              0              0              0              0
              0              0              0              0              0              0              0              0              0              0              0              0  0.00069655863              0              0              0              0
              0              0              0              0              0              0              0              0              0              0              0              0              0   0.0083546162              0              0              0
              0              0              0              0              0              0              0              0              0              0              0              0              0              0    0.069540906              0              0
              0              0              0              0              0              0              0              0              0              0              0              0              0              0              0  1.4489701e-05              0
              0              0              0              0              0              0              0              0              0              0              0              0              0              0              0              0    0.039932279
Minuit2:0: RuntimeWarning: MnPosDef Matrix forced pos-def by adding to diagonal 0.219446
Info in <Minuit2>: MnSeedGenerator run Hesse - new state: 
  Minimum value : 149472.2387
  Edm           : 368647.9901
  Internal parameters:
     -1.559859343
      0.424701252
    -0.9306097373
     -0.822209182
     -1.254966179
     -1.165233704
     -1.104813882
     -0.594494435
      1.562804695
    -0.8419025663
     -1.551951982
     -1.189960898
     -1.334329579
    -0.9179316992
    -0.6704697728
     -1.485490177
      1.156563513
  Internal gradient  :
      16601.81407
    -0.1006602489
  3.265331861e-06
  2.594787998e-06
       24207.1788
     -12.52615054
   5.18762422e-06
      288443.7668
     -116.3340383
  6.394500635e-05
      319.9795887
     0.1265554212
    0.03040654163
  7.455179955e-05
  4.523551414e-05
      5751.653606
    -0.4539000284
  Internal covariance matrix:
   2.761758e-06  5.6188462e-08  4.8077892e-14 -2.5445275e-13  2.7324419e-05  1.8683774e-08 -5.4542829e-14 -7.5867458e-06 -1.7732018e-06 -7.3714569e-15  1.8330256e-06 -2.3364374e-08 -2.3163586e-08  3.7029574e-13 -2.6272877e-12  5.5251045e-05   0.0037490378
  5.6188462e-08   0.0003657259  1.9639335e-15  1.4183266e-13  9.1554795e-07  4.2117202e-10  3.0413485e-14 -2.4917045e-07 -5.3252389e-07 -2.7140087e-14  6.2038766e-08 -3.1196312e-10 -6.6040575e-08 -5.1629397e-13 -3.1391172e-12  1.9007179e-06  0.00012905458
  4.8077892e-14  1.9639335e-15   0.0002570653  -1.263779e-13  7.8794043e-13 -1.7188334e-14 -2.7091168e-14 -1.9859575e-13 -1.1627724e-13  2.2710673e-14  1.0742797e-13  1.2631246e-13  -8.140211e-16   4.443847e-13 -7.4985261e-20  1.6800924e-12  1.1324265e-10
 -2.5445275e-13  1.4183266e-13  -1.263779e-13  0.00055409971 -4.2814149e-12 -1.6242864e-14  8.9162381e-21  1.1642903e-12  2.9122755e-13   8.190752e-22 -2.8819109e-13  1.3493395e-15  1.9203886e-13 -6.4524372e-20  1.8822975e-12 -8.7938636e-12 -5.9386105e-10
  2.7324419e-05  9.1554795e-07  7.8794043e-13 -4.2814149e-12  0.00044536989  3.0428351e-07 -9.1773785e-13 -0.00012130855 -2.8817416e-05  -9.609098e-14  2.9830613e-05 -1.5145138e-07 -3.7742594e-07  6.5067832e-12 -4.0168362e-11  0.00090053153    0.061105211
  1.8683774e-08  4.2117202e-10 -1.7188334e-14 -1.6242864e-14  3.0428351e-07   2.815444e-06 -3.4818806e-15 -8.2909425e-08 -4.5227046e-07 -2.3117898e-15  2.0988033e-08 -1.0365041e-10 -3.0114235e-10 -4.1771143e-14 -2.5326685e-14  6.5336482e-07  4.4347073e-05
 -5.4542829e-14  3.0413485e-14 -2.7091168e-14  8.9162381e-21 -9.1773785e-13 -3.4818806e-15  2.5462503e-05  2.4957012e-13  6.2396684e-14  1.8515285e-22  -6.177485e-14  2.8923486e-16 -3.9603246e-14  -1.364373e-20 -4.0350104e-13 -1.8849976e-12  -1.272963e-10
 -7.5867458e-06 -2.4917045e-07 -1.9859575e-13  1.1642903e-12 -0.00012130855 -8.2909425e-08  2.4957012e-13  4.1413926e-05  7.9468258e-06  2.6482751e-14 -8.4164248e-06  4.2577342e-08  1.0272028e-07 -1.7657258e-12  1.0723016e-11 -0.00024494462   -0.016620652
 -1.7732018e-06 -5.3252389e-07 -1.1627724e-13  2.9122755e-13 -2.8817416e-05 -4.5227046e-07  6.2396684e-14  7.9468258e-06  0.00011479326 -2.5835582e-14  -2.023795e-06  9.8472132e-09  2.3124925e-07 -4.5665563e-13  1.9095232e-12 -6.3662387e-05  -0.0043215548
 -7.3714569e-15 -2.7140087e-14  2.2710673e-14   8.190752e-22  -9.609098e-14 -2.3117898e-15  1.8515285e-22  2.6482751e-14 -2.5835582e-14   1.789393e-05    -6.1561e-15  5.1818302e-17 -3.3832094e-14 -9.6160746e-22  -3.382572e-13 -1.6831264e-13 -1.1931253e-11
  1.8330256e-06  6.2038766e-08  1.0742797e-13 -2.8819109e-13  2.9830613e-05  2.0988033e-08  -6.177485e-14 -8.4164248e-06  -2.023795e-06    -6.1561e-15  9.8646282e-05 -1.0179249e-08  -2.559673e-08  4.4080925e-13 -3.5035389e-12  6.0948299e-05    0.004135597
 -2.3364374e-08 -3.1196312e-10  1.2631246e-13  1.3493395e-15 -1.5145138e-07 -1.0365041e-10  2.8923486e-16  4.2577342e-08  9.8472132e-09  5.1818302e-17 -1.0179249e-08  0.00055585613   1.282329e-10 -1.8378784e-15 -1.8694907e-12 -3.0625636e-07 -2.0780897e-05
 -2.3163586e-08 -6.6040575e-08  -8.140211e-16  1.9203886e-13 -3.7742594e-07 -3.0114235e-10 -3.9603246e-14  1.0272028e-07  2.3124925e-07 -3.3832094e-14  -2.559673e-08   1.282329e-10   0.0005712097 -6.6802403e-13 -3.7887683e-12  -7.829248e-07 -5.3176872e-05
  3.7029574e-13 -5.1629397e-13   4.443847e-13 -6.4524372e-20  6.5067832e-12 -4.1771143e-14  -1.364373e-20 -1.7657258e-12 -4.5665563e-13 -9.6160746e-22  4.4080925e-13 -1.8378784e-15 -6.6802403e-13    0.006851156  -6.618753e-12  1.3636761e-11   9.153194e-10
 -2.6272877e-12 -3.1391172e-12 -7.4985261e-20  1.8822975e-12 -4.0168362e-11 -2.5326685e-14 -4.0350104e-13  1.0723016e-11  1.9095232e-12  -3.382572e-13 -3.5035389e-12 -1.8694907e-12 -3.7887683e-12  -6.618753e-12    0.057026629 -8.2436602e-11 -5.5823679e-09
  5.5251045e-05  1.9007179e-06  1.6800924e-12 -8.7938636e-12  0.00090053153  6.5336482e-07 -1.8849976e-12 -0.00024494462 -6.3662387e-05 -1.6831264e-13  6.0948299e-05 -3.0625636e-07  -7.829248e-07  1.3636761e-11 -8.2436602e-11   0.0018806654     0.12636845
   0.0037490378  0.00012905458  1.1324265e-10 -5.9386105e-10    0.061105211  4.4347073e-05  -1.272963e-10   -0.016620652  -0.0043215548 -1.1931253e-11    0.004135597 -2.0780897e-05 -5.3176872e-05   9.153194e-10 -5.5823679e-09     0.12636845      8.5490332
Info in <Minuit2>: VariableMetricBuilder Start iterating until Edm is < 0.001 with call limit = 8500
Info in <Minuit2>: VariableMetricBuilder    0 - FCN =       149472.2387 Edm =       368647.9901 NCalls =    500
Info in <Minuit2>: VariableMetricBuilder    1 - FCN =       148007.3457 Edm =       6745780.465 NCalls =    549
Info in <Minuit2>: VariableMetricBuilder    2 - FCN =       106323.2005 Edm =       143182.7741 NCalls =    598
Info in <Minuit2>: VariableMetricBuilder    3 - FCN =       104273.9035 Edm =       162261.2537 NCalls =    636
Info in <Minuit2>: VariableMetricBuilder    4 - FCN =       103231.9122 Edm =       138160.1663 NCalls =    674
Info in <Minuit2>: VariableMetricBuilder    5 - FCN =       101110.7166 Edm =        166012.106 NCalls =    712
Info in <Minuit2>: VariableMetricBuilder    6 - FCN =        100390.496 Edm =       126275.8613 NCalls =    750
Info in <Minuit2>: VariableMetricBuilder    7 - FCN =       99711.59465 Edm =       123381.3543 NCalls =    788
Info in <Minuit2>: VariableMetricBuilder    8 - FCN =       99043.37682 Edm =       122846.1428 NCalls =    826
Info in <Minuit2>: VariableMetricBuilder    9 - FCN =       98386.42401 Edm =       122249.1853 NCalls =    864
Info in <Minuit2>: VariableMetricBuilder   10 - FCN =       97741.58364 Edm =       121567.4146 NCalls =    902
Info in <Minuit2>: VariableMetricBuilder   11 - FCN =       97109.36162 Edm =       120826.5612 NCalls =    940
Info in <Minuit2>: VariableMetricBuilder   12 - FCN =       96489.97497 Edm =       120049.0922 NCalls =    978
Info in <Minuit2>: VariableMetricBuilder   13 - FCN =       95883.39109 Edm =        119252.319 NCalls =   1016
Info in <Minuit2>: VariableMetricBuilder   14 - FCN =       95291.71226 Edm =       118262.5295 NCalls =   1054
Info in <Minuit2>: VariableMetricBuilder   15 - FCN =       95260.83053 Edm =       121262.5008 NCalls =   1097
Info in <Minuit2>: VariableMetricBuilder   16 - FCN =        95247.2506 Edm =       230319.9025 NCalls =   1141
Info in <Minuit2>: VariableMetricBuilder   17 - FCN =        94950.6724 Edm =        6361637302 NCalls =   1187
Info in <Minuit2>: VariableMetricBuilder   18 - FCN =      -1048.322243 Edm =       342.4595265 NCalls =   1236
Info in <Minuit2>: VariableMetricBuilder   19 - FCN =      -1446.504989 Edm =       87.37346096 NCalls =   1280
Info in <Minuit2>: VariableMetricBuilder   20 - FCN =      -1551.735401 Edm =       66.76546865 NCalls =   1326
Info in <Minuit2>: VariableMetricBuilder   21 - FCN =      -1648.286265 Edm =       7.663933026 NCalls =   1371
Info in <Minuit2>: VariableMetricBuilder   22 - FCN =      -1674.790973 Edm =       5.852068839 NCalls =   1413
Info in <Minuit2>: VariableMetricBuilder   23 - FCN =      -1679.550265 Edm =      0.8437529291 NCalls =   1451
Info in <Minuit2>: VariableMetricBuilder   24 - FCN =      -1701.902719 Edm =       46.80872651 NCalls =   1501
Info in <Minuit2>: VariableMetricBuilder   25 - FCN =      -1724.611543 Edm =       69.25899811 NCalls =   1545
Info in <Minuit2>: VariableMetricBuilder   26 - FCN =      -1786.711062 Edm =       117.0736004 NCalls =   1591
Info in <Minuit2>: VariableMetricBuilder   27 - FCN =      -1790.536446 Edm =       7.821370953 NCalls =   1634
Info in <Minuit2>: VariableMetricBuilder   28 - FCN =      -1871.311415 Edm =       48.02176993 NCalls =   1689
Info in <Minuit2>: VariableMetricBuilder   29 - FCN =      -1872.413721 Edm =       1.687566161 NCalls =   1725
Info in <Minuit2>: VariableMetricBuilder   30 - FCN =      -1880.631993 Edm =       3.929661024 NCalls =   1764
Info in <Minuit2>: VariableMetricBuilder   31 - FCN =      -1904.554915 Edm =       14.64320525 NCalls =   1807
Info in <Minuit2>: VariableMetricBuilder   32 - FCN =      -2108.243837 Edm =       80.52968191 NCalls =   1861
Info in <Minuit2>: VariableMetricBuilder   33 - FCN =      -2168.651384 Edm =       199.9823009 NCalls =   1907
Info in <Minuit2>: VariableMetricBuilder   34 - FCN =      -2361.392089 Edm =       224.3376815 NCalls =   1960
Info in <Minuit2>: VariableMetricBuilder   35 - FCN =      -2482.663637 Edm =       208.9318319 NCalls =   2007
Info in <Minuit2>: VariableMetricBuilder   36 - FCN =      -2680.216864 Edm =       6.368078158 NCalls =   2052
Info in <Minuit2>: VariableMetricBuilder   37 - FCN =      -2693.413541 Edm =       1.217986755 NCalls =   2093
Info in <Minuit2>: VariableMetricBuilder   38 - FCN =       -2695.70089 Edm =       1.137017506 NCalls =   2131
Info in <Minuit2>: VariableMetricBuilder   39 - FCN =      -2702.902731 Edm =       2.418730785 NCalls =   2173
Info in <Minuit2>: VariableMetricBuilder   40 - FCN =      -2705.654119 Edm =      0.6853495854 NCalls =   2209
Info in <Minuit2>: VariableMetricBuilder   41 - FCN =      -2706.520143 Edm =      0.3300155288 NCalls =   2245
Info in <Minuit2>: VariableMetricBuilder   42 - FCN =      -2712.165803 Edm =       4.256952034 NCalls =   2283
Info in <Minuit2>: VariableMetricBuilder   43 - FCN =      -2727.700495 Edm =       1.479932546 NCalls =   2321
Info in <Minuit2>: VariableMetricBuilder   44 - FCN =      -2729.392854 Edm =      0.1652249325 NCalls =   2357
Info in <Minuit2>: VariableMetricBuilder   45 - FCN =        -2729.6174 Edm =     0.04854235505 NCalls =   2393
Info in <Minuit2>: VariableMetricBuilder   46 - FCN =      -2729.896197 Edm =      0.2099570374 NCalls =   2430
Info in <Minuit2>: VariableMetricBuilder   47 - FCN =      -2732.395037 Edm =       1.932395069 NCalls =   2472
Info in <Minuit2>: VariableMetricBuilder   48 - FCN =      -2834.410288 Edm =       122.7626481 NCalls =   2524
Info in <Minuit2>: VariableMetricBuilder   49 - FCN =      -2838.151075 Edm =       197.9958146 NCalls =   2565
Info in <Minuit2>: VariableMetricBuilder   50 - FCN =      -2842.221116 Edm =       3.127290503 NCalls =   2603
Info in <Minuit2>: VariableMetricBuilder   51 - FCN =      -2849.666517 Edm =       10.84992572 NCalls =   2644
Info in <Minuit2>: VariableMetricBuilder   52 - FCN =      -2857.332723 Edm =       7.366986836 NCalls =   2689
Info in <Minuit2>: VariableMetricBuilder   53 - FCN =      -2866.741739 Edm =       3.182649056 NCalls =   2729
Info in <Minuit2>: VariableMetricBuilder   54 - FCN =       -2870.20597 Edm =       1.412260766 NCalls =   2770
Info in <Minuit2>: VariableMetricBuilder   55 - FCN =      -2871.028151 Edm =      0.1021733278 NCalls =   2810
Info in <Minuit2>: VariableMetricBuilder   56 - FCN =      -2871.285428 Edm =      0.1111125497 NCalls =   2849
Info in <Minuit2>: VariableMetricBuilder   57 - FCN =      -2877.766056 Edm =       17.86861483 NCalls =   2897
Info in <Minuit2>: VariableMetricBuilder   58 - FCN =      -2877.856034 Edm =      0.8816424592 NCalls =   2935
Info in <Minuit2>: VariableMetricBuilder   59 - FCN =      -2879.382347 Edm =       1.017534127 NCalls =   2974
Info in <Minuit2>: VariableMetricBuilder   60 - FCN =      -2891.374983 Edm =       6.606845502 NCalls =   3014
Info in <Minuit2>: VariableMetricBuilder   61 - FCN =      -2894.707132 Edm =       3.173857961 NCalls =   3052
Info in <Minuit2>: VariableMetricBuilder   62 - FCN =      -2897.006018 Edm =      0.3847535862 NCalls =   3091
Info in <Minuit2>: VariableMetricBuilder   63 - FCN =      -2897.929853 Edm =      0.2588897456 NCalls =   3127
Info in <Minuit2>: VariableMetricBuilder   64 - FCN =      -2898.376007 Edm =     0.07972938899 NCalls =   3163
Info in <Minuit2>: VariableMetricBuilder   65 - FCN =      -2898.906801 Edm =      0.4766294468 NCalls =   3202
Info in <Minuit2>: VariableMetricBuilder   66 - FCN =      -2908.392405 Edm =       8.216259639 NCalls =   3246
Info in <Minuit2>: VariableMetricBuilder   67 - FCN =      -3057.553258 Edm =       60.55726803 NCalls =   3292
Info in <Minuit2>: VariableMetricBuilder   68 - FCN =      -3111.549429 Edm =       30.48834955 NCalls =   3337
Info in <Minuit2>: VariableMetricBuilder   69 - FCN =      -3124.290496 Edm =       3.980130702 NCalls =   3379
Info in <Minuit2>: VariableMetricBuilder   70 - FCN =      -3127.567438 Edm =      0.1620533315 NCalls =   3416
Info in <Minuit2>: VariableMetricBuilder   71 - FCN =      -3127.777815 Edm =      0.1610833625 NCalls =   3452
Info in <Minuit2>: VariableMetricBuilder   72 - FCN =      -3138.131688 Edm =       7.224269201 NCalls =   3497
Info in <Minuit2>: VariableMetricBuilder   73 - FCN =      -3138.146434 Edm =      0.1614937568 NCalls =   3533
Info in <Minuit2>: VariableMetricBuilder   74 - FCN =      -3142.077702 Edm =       2.597789594 NCalls =   3576
Info in <Minuit2>: VariableMetricBuilder   75 - FCN =      -3146.193631 Edm =      0.5786403321 NCalls =   3616
Info in <Minuit2>: VariableMetricBuilder   76 - FCN =      -3147.310373 Edm =      0.3807372969 NCalls =   3657
Info in <Minuit2>: VariableMetricBuilder   77 - FCN =      -3147.809142 Edm =     0.04591037239 NCalls =   3695
Info in <Minuit2>: VariableMetricBuilder   78 - FCN =      -3147.849184 Edm =     0.00324584867 NCalls =   3731
Info in <Minuit2>: VariableMetricBuilder   79 - FCN =      -3147.852322 Edm =   0.0001514207359 NCalls =   3766
Info in <Minuit2>: VariableMetricBuilder After Hessian
Info in <Minuit2>: VariableMetricBuilder   80 - FCN =      -3147.852322 Edm =       566.4240943 NCalls =   3983
Info in <Minuit2>: VariableMetricBuilder Tolerance not sufficient, continue minimization; Edm 566.424 Required 0.001
Info in <Minuit2>: VariableMetricBuilder   81 - FCN =      -3886.633459 Edm =       1.138885618 NCalls =   4028
Info in <Minuit2>: VariableMetricBuilder   82 - FCN =       -3888.29005 Edm =      0.1551154116 NCalls =   4066
Info in <Minuit2>: VariableMetricBuilder   83 - FCN =      -3888.442811 Edm =    0.001293218331 NCalls =   4102
Info in <Minuit2>: VariableMetricBuilder   84 - FCN =      -3888.444062 Edm =   8.365240582e-06 NCalls =   4137
Info in <Minuit2>: VariableMetricBuilder After Hessian
Info in <Minuit2>: VariableMetricBuilder   85 - FCN =      -3888.444062 Edm =   6.757214522e-06 NCalls =   4364
Minuit2Minimizer : Valid minimum - status = 0
FVAL  = -3888.44406160969447
Edm   = 6.75721452156091615e-06
Nfcn  = 4364
#alpha_{RT1}^{6}	  = 1.2325	 +/-  0.0424826	(limited)
#alpha_{RT2}^{6}	  = -2.93741	 +/-  0.0682241	(limited)
#alpha_{WT1}^{6}	  = 0.990078	 +/-  0.0373915	(limited)
#alpha_{WT2}^{6}	  = 1.33674	 +/-  0.0625461	(limited)
#sigma_{RT1}^{6}	  = 0.0247316	 +/-  0.00040246	(limited)
#sigma_{RT2}^{6}	  = 0.0405863	 +/-  0.00025767	(limited)
#sigma_{WT1}^{6}	  = 0.0533097	 +/-  0.000885163	(limited)
Yield	  = 428.995	 +/-  22.5635	(limited)
f^{RT6}	  = 0.409226	 +/-  0.0159785	(limited)
f_{M}^{6}	  = 0.127044	 +/-  0.0011	(limited)
mean_{RT}^{6}	  = 5.27835	 +/-  0.00196625	(limited)
n_{RT1}^{6}	  = 7.19608	 +/-  0.680564	(limited)
n_{RT2}^{6}	  = 2.78355	 +/-  0.436877	(limited)
n_{WT1}^{6}	  = 10.2915	 +/-  1.96156	(limited)
n_{WT2}^{6}	  = 18.9394	 +/-  7.26074	(limited)
nbkg	  = 263.054	 +/-  26.1485	(limited)
slope	  = -4.94953	 +/-  0.658389	(limited)
Info in <Minuit2>: Minuit2Minimizer::Hesse Using max-calls 8500
Info in <Minuit2>: Minuit2Minimizer::Hesse Hesse is valid - matrix is accurate
fit with Hesse strategy 2 done, now Minos
Minuit2Minimizer: Minimize with max-calls 8500 convergence for edm < 1 strategy 2
Info in <Minuit2>: MnSeedGenerator Initial state: FCN =      -3888.444062 Edm =   7.280223071e-06 NCalls =     35
Info in <Minuit2>: MnSeedGenerator run Hesse - new state: 
  Minimum value : -3888.444062
  Edm           : 6.757346711e-06
  Internal parameters:
    -0.8533692519
     0.4252159736
    -0.9306099321
    -0.8222095187
     -1.254959614
     -1.165098859
      -1.10481391
     -1.529368954
    -0.1825605673
    -0.8419025776
    -0.2182418086
     -1.189139682
     -1.334340796
    -0.9179367546
    -0.6704956487
     -1.527053576
    -0.5177810205
  Internal gradient  :
    0.05976041428
  -0.009036606455
  -0.001240980288
 -0.0009950044998
    -0.2822615994
     0.1715306453
  -0.001837894153
      1.086270579
    -0.0311116529
  -0.001035319067
     0.1610612363
    0.01096318434
  0.0006879106584
  -0.001208201078
 -0.0007432883374
