
[1mRooFit v3.60 -- Developed by Wouter Verkerke and David Kirkby[0m 
                Copyright (C) 2000-2013 NIKHEF, University of California & Stanford University
                All rights reserved, please read http://roofit.sourceforge.net/license.txt

Error in <TUnixSystem::FindDynamicLibrary>: ../utils/func_roofit/libRooGaussDoubleSidedExp[.so | .dll | .dylib | .sl | .dl | .a] does not exist in /cvmfs/sw.el7/gcc63/root/6.24.06/b01/lib64:/cvmfs/sw.el7/gcc63/root/6.24.06/b01/lib:/cvmfs/sw.el7/gcc63/pythia/8.2.40/b02/lib:/cvmfs/sw.el7/gcc/6.3/lib64:/cvmfs/sw.el7/gcc/6.3/lib:/cvmfs/sw.el7/gcc/6.3/libexec/gcc/x86_64-unknown-linux-gnu/6.3.1:.:/cvmfs/sw.el7/gcc63/root/6.24.06/b01/lib:/lib64/tls/x86_64:/lib64/tls:/lib64/x86_64:/lib64:/usr/lib64/tls/x86_64:/usr/lib64/tls:/usr/lib64/x86_64:/usr/lib64:/cvmfs/sw.el7/gcc63/root/6.24.06/b01/python/lib:/cvmfs/sw.el7/gcc63/root/6.24.06
start function declaration
mc file name: /lstore/cms/boletti/Run2-BdToKstarMuMu/2018MC_PSI_newphi_punzi_removeTkMu_fixBkg_B0Psicut_addxcutvariable.root
data file name: /lstore/cms/boletti/Run2-BdToKstarMuMu/2018data_newphi_punzi_removeTkMu_fixBkg_B0Psicut_addxcutvariable.root
reading data...
[#0] ERROR:InputArguments -- Didn't find a branch in Tree 'ntuple' to read variable 'weight' from.
	Note: Name the RooFit variable the same as the branch.
it worked :)
reading monte carlo...
dimuon selection:  keepPsiP
dimuon selection:  keepPsiP
dimuon selection:  keepPsiP
dimuon selection:  keepPsiP
dimuon selection:  keepPsiP
dimuon selection:  keepPsiP
dimuon selection:  keepPsiP
now fitting:  6  for  correctTag  
fitting the mc...
 **********
 **    1 **SET PRINT           1
 **********
 **********
 **    2 **SET NOGRAD
 **********
 PARAMETER DEFINITIONS:
    NO.   NAME         VALUE      STEP SIZE      LIMITS
     1 #alpha_{RT1}^{6}   1.50000e+00  7.50000e-01    0.00000e+00  1.00000e+01
     2 #alpha_{RT2}^{6}  -2.00000e+00  1.00000e+00   -1.00000e+01  0.00000e+00
     3 #sigma_{RT1}^{6}   2.80000e-02  1.40000e-02    0.00000e+00  1.00000e+00
     4 #sigma_{RT2}^{6}   4.80000e-02  2.40000e-02    0.00000e+00  1.00000e+00
     5 f^{RT6}      8.00000e-01  1.00000e-01    0.00000e+00  1.00000e+00
     6 mean_{RT}^{6}   5.27958e+00  2.00000e-02    5.20000e+00  5.40000e+00
     7 n_{RT1}^{6}   1.00000e+00  4.99500e-01    1.00000e-03  2.00000e+02
     8 n_{RT2}^{6}   1.00000e+00  4.99500e-01    1.00000e-03  2.00000e+02
 **********
 **    3 **SET ERR         0.5
 **********
 **********
 **    4 **SET PRINT           1
 **********
 **********
 **    5 **SET STR           1
 **********
 NOW USING STRATEGY  1: TRY TO BALANCE SPEED AGAINST RELIABILITY
 **********
 **    6 **MIGRAD        4000           1
 **********
 FIRST CALL TO USER FUNCTION AT NEW START POINT, WITH IFLAG=4.
 START MIGRAD MINIMIZATION.  STRATEGY  1.  CONVERGENCE WHEN EDM .LT. 1.00e-03
 FCN=-347762 FROM MIGRAD    STATUS=INITIATE       34 CALLS          35 TOTAL
                     EDM= unknown      STRATEGY= 1      NO ERROR MATRIX       
  EXT PARAMETER               CURRENT GUESS       STEP         FIRST   
  NO.   NAME      VALUE            ERROR          SIZE      DERIVATIVE 
   1  #alpha_{RT1}^{6}   1.50000e+00   7.50000e-01   2.16811e-01  -8.16858e+04
   2  #alpha_{RT2}^{6}  -2.00000e+00   1.00000e+00   2.57889e-01   1.18991e+04
   3  #sigma_{RT1}^{6}   2.80000e-02   1.40000e-02   8.78020e-02  -2.78353e+04
   4  #sigma_{RT2}^{6}   4.80000e-02   2.40000e-02   1.16111e-01   1.40787e+04
   5  f^{RT6}      8.00000e-01   1.00000e-01   2.57889e-01   5.18928e+03
   6  mean_{RT}^{6}   5.27958e+00   2.00000e-02   2.05952e-01  -2.68078e+04
   7  n_{RT1}^{6}   1.00000e+00   4.99500e-01   3.66720e-02  -2.06343e+05
   8  n_{RT2}^{6}   1.00000e+00   4.99500e-01   3.66720e-02  -1.74314e+04
                               ERR DEF= 0.5
 MIGRAD MINIMIZATION HAS CONVERGED.
 FCN=-359815 FROM MIGRAD    STATUS=CONVERGED     550 CALLS         551 TOTAL
                     EDM=1.00854e-05    STRATEGY= 1  ERROR MATRIX UNCERTAINTY   3.0 per cent
  EXT PARAMETER                                   STEP         FIRST   
  NO.   NAME      VALUE            ERROR          SIZE      DERIVATIVE 
   1  #alpha_{RT1}^{6}   1.23146e+00   4.58726e-02  -1.36042e-04   4.10164e-01
   2  #alpha_{RT2}^{6}  -2.93976e+00   7.00699e-02  -1.75742e-05  -6.90215e-02
   3  #sigma_{RT1}^{6}   2.47306e-02   3.57316e-04   3.43857e-06  -2.23834e+00
   4  #sigma_{RT2}^{6}   4.05597e-02   2.45980e-04  -6.88476e-06  -1.34967e+00
   5  f^{RT6}      4.11240e-01   1.46481e-02   3.13264e-05   1.52321e-01
   6  mean_{RT}^{6}   5.27948e+00   1.18126e-04   7.74063e-06   1.07016e+00
   7  n_{RT1}^{6}   7.16552e+00   7.81072e-01   2.29366e-04  -3.70677e-02
   8  n_{RT2}^{6}   2.78381e+00   4.74491e-01  -5.58888e-05   7.26574e-02
                               ERR DEF= 0.5
 EXTERNAL ERROR MATRIX.    NDIM=  25    NPAR=  8    ERR DEF=0.5
  2.104e-03 -2.324e-04  6.891e-06  6.960e-06  1.815e-04 -3.753e-06 -2.853e-02 -9.534e-04 
 -2.324e-04  4.910e-03  2.216e-06 -1.272e-06  7.778e-05  5.350e-07  5.632e-03  2.868e-02 
  6.891e-06  2.216e-06  1.277e-07  5.069e-08  4.456e-06 -3.441e-09  3.305e-05  5.822e-06 
  6.960e-06 -1.272e-06  5.069e-08  6.051e-08  2.644e-06 -8.810e-09 -3.698e-05 -4.763e-06 
  1.815e-04  7.778e-05  4.456e-06  2.644e-06  2.146e-04  1.199e-07  3.077e-03  1.415e-04 
 -3.753e-06  5.350e-07 -3.441e-09 -8.810e-09  1.199e-07  1.395e-08  5.959e-05  8.941e-07 
 -2.853e-02  5.632e-03  3.305e-05 -3.698e-05  3.077e-03  5.959e-05  6.102e-01  2.007e-02 
 -9.534e-04  2.868e-02  5.822e-06 -4.763e-06  1.415e-04  8.941e-07  2.007e-02  2.252e-01 
 PARAMETER  CORRELATION COEFFICIENTS  
       NO.  GLOBAL      1      2      3      4      5      6      7      8
        1  0.97544   1.000 -0.072  0.420  0.617  0.270 -0.693 -0.796 -0.044
        2  0.87380  -0.072  1.000  0.089 -0.074  0.076  0.065  0.103  0.863
        3  0.93410   0.420  0.089  1.000  0.577  0.851 -0.082  0.118  0.034
        4  0.91049   0.617 -0.074  0.577  1.000  0.734 -0.303 -0.192 -0.041
        5  0.95024   0.270  0.076  0.851  0.734  1.000  0.069  0.269  0.020
        6  0.75528  -0.693  0.065 -0.082 -0.303  0.069  1.000  0.646  0.016
        7  0.95802  -0.796  0.103  0.118 -0.192  0.269  0.646  1.000  0.054
        8  0.86883  -0.044  0.863  0.034 -0.041  0.020  0.016  0.054  1.000
 **********
 **    7 **SET ERR         0.5
 **********
 **********
 **    8 **SET PRINT           1
 **********
 **********
 **    9 **HESSE        4000
 **********
 COVARIANCE MATRIX CALCULATED SUCCESSFULLY
 FCN=-359815 FROM HESSE     STATUS=OK             75 CALLS         626 TOTAL
                     EDM=0.000149838    STRATEGY= 1      ERROR MATRIX ACCURATE 
  EXT PARAMETER                                INTERNAL      INTERNAL  
  NO.   NAME      VALUE            ERROR       STEP SIZE       VALUE   
   1  #alpha_{RT1}^{6}   1.23146e+00   4.26419e-02   1.26920e-03  -8.53687e-01
   2  #alpha_{RT2}^{6}  -2.93976e+00   6.80141e-02   3.15919e-03   4.24701e-01
   3  #sigma_{RT1}^{6}   2.47306e-02   4.05623e-04   3.45843e-04  -1.25497e+00
   4  #sigma_{RT2}^{6}   4.05597e-02   2.58341e-04   2.15640e-04  -1.16523e+00
   5  f^{RT6}      4.11240e-01   1.61275e-02   3.91740e-03  -1.78466e-01
   6  mean_{RT}^{6}   5.27948e+00   1.22324e-04   3.47315e-04  -2.06638e-01
   7  n_{RT1}^{6}   7.16552e+00   6.84174e-01   2.51350e-03  -1.18996e+00
   8  n_{RT2}^{6}   2.78381e+00   4.37189e-01   4.00434e-03  -1.33433e+00
                               ERR DEF= 0.5
 EXTERNAL ERROR MATRIX.    NDIM=  25    NPAR=  8    ERR DEF=0.5
  1.818e-03 -1.080e-04  9.189e-06  6.944e-06  2.699e-04 -3.565e-06 -1.997e-02 -2.677e-04 
 -1.080e-04  4.626e-03  2.174e-06 -8.885e-07  6.714e-05  2.018e-07  3.672e-03  2.532e-02 
  9.189e-06  2.174e-06  1.645e-07  6.613e-08  5.688e-06 -1.142e-08  4.237e-05  4.666e-06 
  6.944e-06 -8.885e-07  6.613e-08  6.674e-08  3.274e-06 -9.814e-09 -1.225e-05 -2.805e-06 
  2.699e-04  6.714e-05  5.688e-06  3.274e-06  2.602e-04 -1.129e-07  3.244e-03  1.230e-04 
 -3.565e-06  2.018e-07 -1.142e-08 -9.814e-09 -1.129e-07  1.496e-08  4.525e-05  2.537e-07 
 -1.997e-02  3.672e-03  4.237e-05 -1.225e-05  3.244e-03  4.525e-05  4.681e-01  7.967e-03 
 -2.677e-04  2.532e-02  4.666e-06 -2.805e-06  1.230e-04  2.537e-07  7.967e-03  1.912e-01 
 PARAMETER  CORRELATION COEFFICIENTS  
       NO.  GLOBAL      1      2      3      4      5      6      7      8
        1  0.97175   1.000 -0.037  0.531  0.630  0.392 -0.683 -0.685 -0.014
        2  0.85971  -0.037  1.000  0.079 -0.051  0.061  0.024  0.079  0.851
        3  0.94754   0.531  0.079  1.000  0.631  0.869 -0.230  0.153  0.026
        4  0.91758   0.630 -0.051  0.631  1.000  0.786 -0.311 -0.069 -0.025
        5  0.95747   0.392  0.061  0.869  0.786  1.000 -0.057  0.294  0.017
        6  0.74156  -0.683  0.024 -0.230 -0.311 -0.057  1.000  0.541  0.005
        7  0.94395  -0.685  0.079  0.153 -0.069  0.294  0.541  1.000  0.027
        8  0.85554  -0.014  0.851  0.026 -0.025  0.017  0.005  0.027  1.000
fit status:  0 3
doublecb_RT6  -----> plotting  
Info in <TCanvas::MakeDefCanvas>:  created default TCanvas with name c1
cbshape_RT1_6  -----> plotting  
cbshape_RT2_6  -----> plotting  
setting nRT to  192011.0
Info in <TCanvas::Print>: pdf file fit_results_mass_checkOnMC/newbdt_puw/save_fit_mc_6_2018_RT_newSigmaFRT_asInANv8.pdf has been created
now fitting:  6  for   wrongTag
fitting the mc...
 **********
 **    1 **SET PRINT           1
 **********
 **********
 **    2 **SET NOGRAD
 **********
 PARAMETER DEFINITIONS:
    NO.   NAME         VALUE      STEP SIZE      LIMITS
     1 #alpha_{WT1}^{6}   5.00000e-01  2.50000e-01    0.00000e+00  1.00000e+01
     2 #alpha_{WT2}^{6}   2.50000e+00  1.00000e+00    0.00000e+00  1.00000e+01
     3 #sigma_{WT1}^{6}   3.00000e-02  1.50000e-02    0.00000e+00  1.00000e+00
     4 mean_{WT}^{6}   5.27958e+00  1.00000e-01    5.00000e+00  6.00000e+00
     5 n_{WT1}^{6}   1.00000e+00  4.95000e-01    1.00000e-02  1.00000e+02
     6 n_{WT2}^{6}   1.00000e+00  4.95000e-01    1.00000e-02  1.00000e+02
 **********
 **    3 **SET ERR         0.5
 **********
 **********
 **    4 **SET PRINT           1
 **********
 **********
 **    5 **SET STR           1
 **********
 NOW USING STRATEGY  1: TRY TO BALANCE SPEED AGAINST RELIABILITY
 **********
 **    6 **MIGRAD        3000           1
 **********
 FIRST CALL TO USER FUNCTION AT NEW START POINT, WITH IFLAG=4.
 START MIGRAD MINIMIZATION.  STRATEGY  1.  CONVERGENCE WHEN EDM .LT. 1.00e-03
 FCN=-23164.4 FROM MIGRAD    STATUS=INITIATE       24 CALLS          25 TOTAL
                     EDM= unknown      STRATEGY= 1      NO ERROR MATRIX       
  EXT PARAMETER               CURRENT GUESS       STEP         FIRST   
  NO.   NAME      VALUE            ERROR          SIZE      DERIVATIVE 
   1  #alpha_{WT1}^{6}   5.00000e-01   2.50000e-01   1.18625e-01  -2.73772e+04
   2  #alpha_{WT2}^{6}   2.50000e+00   1.00000e+00   2.35352e-01   1.82688e+04
   3  #sigma_{WT1}^{6}   3.00000e-02   1.50000e-02   9.09734e-02  -5.93186e+04
   4  mean_{WT}^{6}   5.27958e+00   1.00000e-01   2.26180e-01  -1.09005e+05
   5  n_{WT1}^{6}   1.00000e+00   4.95000e-01   5.17524e-02  -5.05491e+04
   6  n_{WT2}^{6}   1.00000e+00   4.95000e-01   5.17524e-02   1.32072e+04
                               ERR DEF= 0.5
 MIGRAD MINIMIZATION HAS CONVERGED.
 MIGRAD WILL VERIFY CONVERGENCE AND ERROR MATRIX.
 COVARIANCE MATRIX CALCULATED SUCCESSFULLY
 FCN=-32762.5 FROM HESSE     STATUS=OK             44 CALLS         365 TOTAL
                     EDM=0.0174587    STRATEGY= 1      ERROR MATRIX ACCURATE 
  EXT PARAMETER                                   STEP         FIRST   
  NO.   NAME      VALUE            ERROR          SIZE      DERIVATIVE 
   1  #alpha_{WT1}^{6}   9.88794e-01   3.71454e-02   4.01775e-04   5.01046e-01
   2  #alpha_{WT2}^{6}   1.32894e+00   6.58957e-02   6.07321e-04   5.08438e-01
   3  #sigma_{WT1}^{6}   5.32547e-02   9.04291e-04   1.73483e-04  -2.45456e+00
   4  mean_{WT}^{6}   5.27529e+00   5.73369e-04   1.13385e-04  -1.31180e-02
   5  n_{WT1}^{6}   1.03095e+01   1.93262e+00   3.11146e-03  -4.21730e-02
   6  n_{WT2}^{6}   2.01242e+01   8.73353e+00   9.91065e-03  -8.78290e-01
                               ERR DEF= 0.5
 MIGRAD MINIMIZATION HAS CONVERGED.
 FCN=-32762.5 FROM MIGRAD    STATUS=CONVERGED     378 CALLS         379 TOTAL
                     EDM=9.2767e-05    STRATEGY= 1  ERROR MATRIX UNCERTAINTY   9.1 per cent
  EXT PARAMETER                                   STEP         FIRST   
  NO.   NAME      VALUE            ERROR          SIZE      DERIVATIVE 
   1  #alpha_{WT1}^{6}   9.90078e-01   3.68354e-02   4.30049e-04   2.85633e-01
   2  #alpha_{WT2}^{6}   1.33674e+00   5.93788e-02   2.29602e-03  -2.18645e+00
   3  #sigma_{WT1}^{6}   5.33097e-02   8.81824e-04   2.44753e-04   3.94404e+00
   4  mean_{WT}^{6}   5.27530e+00   5.71517e-04   2.74643e-05   3.38646e+00
   5  n_{WT1}^{6}   1.02916e+01   1.92934e+00  -5.89092e-04   6.72391e-03
   6  n_{WT2}^{6}   1.89404e+01   7.17159e+00   2.98720e-02   1.65461e-01
                               ERR DEF= 0.5
 EXTERNAL ERROR MATRIX.    NDIM=  25    NPAR=  6    ERR DEF=0.5
  1.357e-03  1.098e-03  2.427e-05 -1.140e-05 -5.871e-02  6.538e-02 
  1.098e-03  3.526e-03  3.905e-05  8.359e-07 -2.410e-02  3.605e-01 
  2.427e-05  3.905e-05  7.776e-07 -1.699e-07 -6.079e-04  2.544e-03 
 -1.140e-05  8.359e-07 -1.699e-07  3.266e-07  4.437e-04  5.159e-04 
 -5.871e-02 -2.410e-02 -6.079e-04  4.437e-04  3.727e+00 -1.249e+00 
  6.538e-02  3.605e-01  2.544e-03  5.159e-04 -1.249e+00  5.202e+01 
 PARAMETER  CORRELATION COEFFICIENTS  
       NO.  GLOBAL      1      2      3      4      5      6
        1  0.96544   1.000  0.502  0.747 -0.542 -0.826  0.246
        2  0.96081   0.502  1.000  0.746  0.025 -0.210  0.842
        3  0.93564   0.747  0.746  1.000 -0.337 -0.357  0.400
        4  0.70545  -0.542  0.025 -0.337  1.000  0.402  0.125
        5  0.91953  -0.826 -0.210 -0.357  0.402  1.000 -0.090
        6  0.91355   0.246  0.842  0.400  0.125 -0.090  1.000
 **********
 **    7 **SET ERR         0.5
 **********
 **********
 **    8 **SET PRINT           1
 **********
 **********
 **    9 **HESSE        3000
 **********
 COVARIANCE MATRIX CALCULATED SUCCESSFULLY
 FCN=-32762.5 FROM HESSE     STATUS=OK             44 CALLS         423 TOTAL
                     EDM=0.000119217    STRATEGY= 1      ERROR MATRIX ACCURATE 
  EXT PARAMETER                                INTERNAL      INTERNAL  
  NO.   NAME      VALUE            ERROR       STEP SIZE       VALUE   
   1  #alpha_{WT1}^{6}   9.90078e-01   3.73924e-02   4.01764e-04  -9.30610e-01
   2  #alpha_{WT2}^{6}   1.33674e+00   6.25496e-02   6.07350e-04  -8.22209e-01
   3  #sigma_{WT1}^{6}   5.33097e-02   8.85165e-04   1.73469e-04  -1.10481e+00
   4  mean_{WT}^{6}   5.27530e+00   5.73653e-04   4.53540e-05  -4.66086e-01
   5  n_{WT1}^{6}   1.02916e+01   1.96292e+00   1.24458e-03  -9.17932e-01
   6  n_{WT2}^{6}   1.89404e+01   7.30285e+00   9.91441e-03  -2.47112e+00
                               ERR DEF= 0.5
 EXTERNAL ERROR MATRIX.    NDIM=  25    NPAR=  6    ERR DEF=0.5
  1.398e-03  1.159e-03  2.469e-05 -1.157e-05 -6.107e-02  7.004e-02 
  1.159e-03  3.913e-03  4.114e-05  1.378e-06 -2.572e-02  3.949e-01 
  2.469e-05  4.114e-05  7.835e-07 -1.679e-07 -6.307e-04  2.735e-03 
 -1.157e-05  1.378e-06 -1.679e-07  3.291e-07  4.584e-04  5.694e-04 
 -6.107e-02 -2.572e-02 -6.307e-04  4.584e-04  3.858e+00 -1.337e+00 
  7.004e-02  3.949e-01  2.735e-03  5.694e-04 -1.337e+00  5.396e+01 
 PARAMETER  CORRELATION COEFFICIENTS  
       NO.  GLOBAL      1      2      3      4      5      6
        1  0.96640   1.000  0.495  0.746 -0.539 -0.831  0.255
        2  0.96408   0.495  1.000  0.743  0.038 -0.209  0.859
        3  0.93583   0.746  0.743  1.000 -0.331 -0.363  0.421
        4  0.70807  -0.539  0.038 -0.331  1.000  0.407  0.135
        5  0.92260  -0.831 -0.209 -0.363  0.407  1.000 -0.093
        6  0.92352   0.255  0.859  0.421  0.135 -0.093  1.000
Info in <TCanvas::Print>: pdf file fit_results_mass_checkOnMC/newbdt_puw/save_fit_mc_6_2018_WT_newSigmaFRT_asInANv8.pdf has been created
fit status:  0 3
doublecb_6  -----> plotting  
setting nWT to  27944.0
mistag fraction on MC for bin  6  :  0.127044168125 +/- 0.276142986869
constraining var #sigma_{RT1}^{6} :  0.0247305710039  with uncertainty  0.000405622936656
constraining var #alpha_{RT1}^{6} :  1.23145612381  with uncertainty  0.0426418661098
constraining var n_{RT1}^{6} :  7.16552078573  with uncertainty  0.684173925976
constraining var #sigma_{WT1}^{6} :  0.0533097081932  with uncertainty  0.000885164819812
constraining var #alpha_{WT1}^{6} :  0.990078432382  with uncertainty  0.037392425922
constraining var #alpha_{WT2}^{6} :  1.33674402432  with uncertainty  0.0625496318276
constraining var n_{WT1}^{6} :  10.29162669  with uncertainty  1.96291613787
constraining var n_{WT2}^{6} :  18.9403999394  with uncertainty  7.30285246499
constraining var #alpha_{RT2}^{6} :  -2.93975703832  with uncertainty  0.0680141102454
constraining var n_{RT2}^{6} :  2.78380874999  with uncertainty  0.437189116835
constraining var #sigma_{RT2}^{6} :  0.0405597161509  with uncertainty  0.000258340647515
constraining var f^{RT6} :  0.411239849884  with uncertainty  0.0161274649404
nsig is
219955.0
here
total pdf created
Minuit2Minimizer: Minimize with max-calls 8500 convergence for edm < 1 strategy 2
Info in <Minuit2>: MnSeedGenerator Initial state: FCN =      -923882.9692 Edm =       682608.6737 NCalls =     63
Info in <Minuit2>: MnSeedGenerator Negative G2 found - new state: 
  Minimum value : -983857.1097
  Edm           : 48833.45396
  Internal parameters:
     -1.570825144
     0.7386759813
    -0.9306097373
     -0.822209182
     -1.254966179
     -1.165233704
     -1.104813882
     -0.594494435
    -0.1784661556
    -0.8419025663
    -0.2066379072
     -1.189960898
     -1.334329579
    -0.9179316992
    -0.6704697728
     -1.485490177
      1.572418251
  Internal gradient  :
     -11.29648089
     -1030.897767
     0.3149206907
     0.2524996029
      5564.270386
      26413.93458
     0.4664111004
      206473.3329
     -9016.844389
     0.2626973921
      2602.447407
     0.6103893238
      3296.777708
     0.3065271267
     0.1857932559
      5072.271729
     0.3221216585
  Internal covariance matrix:
  5.0782513e-06              0              0              0              0              0              0              0              0              0              0              0              0              0              0              0              0
              0  2.0050921e-05              0              0              0              0              0              0              0              0              0              0              0              0              0              0              0
              0              0  0.00031347501              0              0              0              0              0              0              0              0              0              0              0              0              0              0
              0              0              0  0.00067569875              0              0              0              0              0              0              0              0              0              0              0              0              0
              0              0              0              0  1.0876344e-05              0              0              0              0              0              0              0              0              0              0              0              0
              0              0              0              0              0  1.2007896e-06              0              0              0              0              0              0              0              0              0              0              0
              0              0              0              0              0              0  3.1050027e-05              0              0              0              0              0              0              0              0              0              0
              0              0              0              0              0              0              0  4.4331912e-06              0              0              0              0              0              0              0              0              0
              0              0              0              0              0              0              0              0  4.8090263e-05              0              0              0              0              0              0              0              0
              0              0              0              0              0              0              0              0              0  2.1820686e-05              0              0              0              0              0              0              0
              0              0              0              0              0              0              0              0              0              0  7.0004165e-06              0              0              0              0              0              0
              0              0              0              0              0              0              0              0              0              0              0  0.00067824747              0              0              0              0              0
              0              0              0              0              0              0              0              0              0              0              0              0  4.4459089e-05              0              0              0              0
              0              0              0              0              0              0              0              0              0              0              0              0              0   0.0083533102              0              0              0
              0              0              0              0              0              0              0              0              0              0              0              0              0              0    0.069710978              0              0
              0              0              0              0              0              0              0              0              0              0              0              0              0              0              0  2.7402708e-05              0
              0              0              0              0              0              0              0              0              0              0              0              0              0              0              0              0    0.010073604
Minuit2:0: RuntimeWarning: MnPosDef Matrix forced pos-def by adding to diagonal 0.142041
Info in <Minuit2>: MnSeedGenerator run Hesse - new state: 
  Minimum value : -983857.1097
  Edm           : 43246.97587
  Internal parameters:
     -1.570825144
     0.7386759813
    -0.9306097373
     -0.822209182
     -1.254966179
     -1.165233704
     -1.104813882
     -0.594494435
    -0.1784661556
    -0.8419025663
    -0.2066379072
     -1.189960898
     -1.334329579
    -0.9179316992
    -0.6704697728
     -1.485490177
      1.572418251
  Internal gradient  :
     -11.23635353
     -1031.369136
  2.036403186e-05
  2.889664579e-06
      5565.498999
      26414.34082
  0.0007462581403
      206473.4574
     -9016.860778
  0.0004206564278
       2603.19791
     -1.565326164
      3298.981575
  0.0004907125943
  5.689885692e-07
      5071.973596
     0.3219155169
  Internal covariance matrix:
  4.4468751e-06 -2.5419397e-07 -7.7559505e-15 -1.0746036e-14  3.3966116e-08 -3.3115104e-09 -2.3035769e-15 -6.9807636e-10 -1.2611614e-08  1.7959913e-15  2.1479647e-08   3.090773e-09 -4.1665312e-07 -3.4923127e-15 -3.6900486e-15 -8.2333064e-08  2.6597269e-08
 -2.5419397e-07    0.003322572  2.3140097e-12  -4.980973e-12 -2.0332357e-05  5.1529807e-05 -1.0677476e-12 -8.6783914e-05  0.00018830107  2.6954237e-12 -2.8631986e-05 -8.9884141e-08   0.0055134335  4.5041164e-11   5.134049e-11   0.0010916258 -0.00035423529
 -7.7559505e-15  2.3140097e-12   0.0002744866   -3.38033e-21 -1.2799894e-14  3.5161215e-14 -7.2462536e-22 -6.5275192e-14  1.5002556e-13  1.8691002e-21 -1.8669629e-14  8.7599925e-14  3.8279894e-12  3.0787544e-13  8.8939862e-13  7.3950786e-13 -2.3561706e-13
 -1.0746036e-14  -4.980973e-12   -3.38033e-21  0.00059165881  3.2478473e-14 -7.8317012e-14  1.6645302e-21  1.2300279e-13 -2.5456468e-13 -4.6204581e-14  4.4789387e-14  1.2883787e-13 -8.2827588e-12  -4.520122e-13  1.3057845e-12 -1.6669646e-12  5.4732818e-13
  3.3966116e-08 -2.0332357e-05 -1.2799894e-14  3.2478473e-14  1.0225486e-05 -4.8097203e-07  6.9622567e-15  3.4819634e-07  9.8547481e-08 -1.6728154e-14 -1.5349657e-06  1.9033351e-08 -3.5716654e-05 -3.5224239e-13 -1.2732692e-13  -7.207864e-06  2.3371706e-06
 -3.3115104e-09  5.1529807e-05  3.5161215e-14 -7.8317012e-14 -4.8097203e-07  2.0958199e-06 -1.6788448e-14 -1.4833959e-06   2.413277e-06  4.2866422e-14 -1.8325728e-07 -1.3178049e-09  8.9323523e-05  6.8951727e-13   8.890015e-13   1.787737e-05 -5.8047927e-06
 -2.3035769e-15 -1.0677476e-12 -7.2462536e-22  1.6645302e-21  6.9622567e-15 -1.6788448e-14  2.7188184e-05  2.6367527e-14 -5.4569828e-14 -9.9046577e-15  9.6012891e-15  2.7618365e-14 -1.7755359e-12  -9.689572e-14  2.7991485e-13 -3.5733932e-13  1.1732815e-13
 -6.9807636e-10 -8.6783914e-05 -6.5275192e-14  1.2300279e-13  3.4819634e-07 -1.4833959e-06  2.6367527e-14  6.6496879e-06 -2.2063462e-07 -6.6931695e-14  1.0250217e-06  2.3694146e-09 -0.00014579443 -1.1761544e-12 -1.3730681e-12  -2.926712e-05  9.4238019e-06
 -1.2611614e-08  0.00018830107  1.5002556e-13 -2.5456468e-13  9.8547481e-08   2.413277e-06 -5.4569828e-14 -2.2063462e-07  6.1449476e-05  1.7723944e-13  3.0775183e-06  5.0379727e-09  0.00031194033  2.5879131e-12  2.7985952e-12  6.2709011e-05 -2.0233221e-05
  1.7959913e-15  2.6954237e-12  1.8691002e-21 -4.6204581e-14 -1.6728154e-14  4.2866422e-14 -9.9046577e-15 -6.6931695e-14  1.7723944e-13  1.9106741e-05 -1.9619972e-14 -2.3194786e-14  4.4943608e-12  8.1228407e-14 -2.3465461e-13  8.9714442e-13  6.4902471e-14
  2.1479647e-08 -2.8631986e-05 -1.8669629e-14  4.4789387e-14 -1.5349657e-06 -1.8325728e-07  9.6012891e-15  1.0250217e-06  3.0775183e-06 -1.9619972e-14  7.3665478e-06  8.7612234e-09 -4.3581545e-05 -3.1733525e-13 -5.7824182e-13 -8.3317457e-06   2.682628e-06
   3.090773e-09 -8.9884141e-08  8.7599925e-14  1.2883787e-13  1.9033351e-08 -1.3178049e-09  2.7618365e-14  2.3694146e-09  5.0379727e-09 -2.3194786e-14  8.7612234e-09  0.00059389058 -1.4692266e-07 -1.2645707e-15   2.613316e-12 -2.8894962e-08  9.3379489e-09
 -4.1665312e-07   0.0055134335  3.8279894e-12 -8.2827588e-12 -3.5716654e-05  8.9323523e-05 -1.7755359e-12 -0.00014579443  0.00031194033  4.4943608e-12 -4.3581545e-05 -1.4692266e-07   0.0092104502  7.4898046e-11  8.5814635e-11   0.0018315829 -0.00059365156
 -3.4923127e-15  4.5041164e-11  3.0787544e-13  -4.520122e-13 -3.5224239e-13  6.8951727e-13  -9.689572e-14 -1.1761544e-12  2.5879131e-12  8.1228407e-14 -3.1733525e-13 -1.2645707e-15  7.4898046e-11   0.0073143683  6.9102851e-19  1.4850174e-11 -3.0711676e-12
 -3.6900486e-15   5.134049e-11  8.8939862e-13  1.3057845e-12 -1.2732692e-13   8.890015e-13  2.7991485e-13 -1.3730681e-12  2.7985952e-12 -2.3465461e-13 -5.7824182e-13   2.613316e-12  8.5814635e-11  6.9102851e-19    0.061040685  1.7069913e-11 -1.0575916e-11
 -8.2333064e-08   0.0010916258  7.3950786e-13 -1.6669646e-12  -7.207864e-06   1.787737e-05 -3.5733932e-13  -2.926712e-05  6.2709011e-05  8.9714442e-13 -8.3317457e-06 -2.8894962e-08   0.0018315829  1.4850174e-11  1.7069913e-11  0.00038940052 -0.00013201752
  2.6597269e-08 -0.00035423529 -2.3561706e-13  5.4732818e-13  2.3371706e-06 -5.8047927e-06  1.1732815e-13  9.4238019e-06 -2.0233221e-05  6.4902471e-14   2.682628e-06  9.3379489e-09 -0.00059365156 -3.0711676e-12 -1.0575916e-11 -0.00013201752   0.0088668419
Info in <Minuit2>: VariableMetricBuilder Start iterating until Edm is < 0.001 with call limit = 8500
Info in <Minuit2>: VariableMetricBuilder    0 - FCN =      -983857.1097 Edm =       43246.97587 NCalls =    455
Info in <Minuit2>: VariableMetricBuilder    1 - FCN =      -999982.5755 Edm =       1297378.832 NCalls =    499
Info in <Minuit2>: VariableMetricBuilder    2 - FCN =      -1022269.435 Edm =       2966.865756 NCalls =    547
Info in <Minuit2>: VariableMetricBuilder    3 - FCN =      -1022738.026 Edm =       205.2602824 NCalls =    596
Info in <Minuit2>: VariableMetricBuilder    4 - FCN =      -1022955.769 Edm =       11.48560966 NCalls =    638
Info in <Minuit2>: VariableMetricBuilder    5 - FCN =      -1022976.005 Edm =       4.164303262 NCalls =    676
Info in <Minuit2>: VariableMetricBuilder    6 - FCN =      -1022981.956 Edm =      0.5829416352 NCalls =    714
Info in <Minuit2>: VariableMetricBuilder    7 - FCN =      -1022983.099 Edm =      0.1136550423 NCalls =    752
Info in <Minuit2>: VariableMetricBuilder    8 - FCN =      -1022983.287 Edm =     0.01516927912 NCalls =    788
Info in <Minuit2>: VariableMetricBuilder    9 - FCN =      -1022983.371 Edm =     0.01828738079 NCalls =    825
Info in <Minuit2>: VariableMetricBuilder   10 - FCN =      -1022983.405 Edm =    0.001211460256 NCalls =    862
Info in <Minuit2>: VariableMetricBuilder   11 - FCN =      -1022983.406 Edm =   5.801883111e-05 NCalls =    903
Minuit2:0: RuntimeWarning: MnPosDef Matrix forced pos-def by adding to diagonal 7.3486
Info in <Minuit2>: VariableMetricBuilder After Hessian
Info in <Minuit2>: VariableMetricBuilder   12 - FCN =      -1022983.406 Edm =    0.001489228951 NCalls =   1148
Minuit2:0: RuntimeWarning: VariableMetricBuilder Reached machine accuracy limit; Edm 0.00148923 is smaller than machine limit 0.0609746 while 0.001 was requested
Minuit2:0: RuntimeWarning: Minuit2Minimizer::Minimize Covar was made pos def
Minuit2Minimizer : Valid minimum - status = 1
FVAL  = -1022983.40592187201
Edm   = 0.00148922895100142083
Nfcn  = 1148
#alpha_{RT1}^{6}	  = 7.7156e-09	 +/-  9.17631e-06	(limited)
#alpha_{RT2}^{6}	  = -1.57891	 +/-  0.00336196	(limited)
#alpha_{WT1}^{6}	  = 0.989925	 +/-  0.0129416	(limited)
#alpha_{WT2}^{6}	  = 1.33644	 +/-  0.021649	(limited)
#sigma_{RT1}^{6}	  = 0.0238674	 +/-  0.000136593	(limited)
#sigma_{RT2}^{6}	  = 0.0373786	 +/-  4.84743e-05	(limited)
#sigma_{WT1}^{6}	  = 0.053308	 +/-  0.000306351	(limited)
Yield	  = 96589.5	 +/-  112.701	(limited)
f^{RT6}	  = 0.349007	 +/-  0.000760609	(limited)
f_{M}^{6}	  = 0.127043	 +/-  0.000380703	(limited)
mean_{RT}^{6}	  = 5.27779	 +/-  5.96993e-05	(limited)
n_{RT1}^{6}	  = 7.15783	 +/-  0.236817	(limited)
n_{RT2}^{6}	  = 2.46326	 +/-  0.0168856	(limited)
n_{WT1}^{6}	  = 10.2509	 +/-  0.679827	(limited)
n_{WT2}^{6}	  = 18.6698	 +/-  2.53654	(limited)
nbkg	  = 0.000857302	 +/-  896.309	(limited)
slope	  = 9.98387	 +/-  19.1257	(limited)
Info in <Minuit2>: Minuit2Minimizer::Hesse Using max-calls 8500
Minuit2:0: RuntimeWarning: MnPosDef Matrix forced pos-def by adding to diagonal 0.681688
Info in <Minuit2>: Minuit2Minimizer::Hesse Hesse is valid - matrix is full but made positive defined
fit with Hesse strategy 2 done, now Minos
Minuit2Minimizer: Minimize with max-calls 8500 convergence for edm < 1 strategy 2
Info in <Minuit2>: MnSeedGenerator Initial state: FCN =      -1022983.328 Edm =     0.07853490487 NCalls =     65
Info in <Minuit2>: MnSeedGenerator run Hesse - new state: 
  Minimum value : -1022983.328
  Edm           : 0.08206368158
  Internal parameters:
     -1.568843202
     0.7535319236
     -0.930661082
     -0.822297983
     -1.260572189
     -1.181675274
      -1.10482141
    -0.9387513351
    -0.3067756637
    -0.8419055457
    -0.2240156676
     -1.190167967
     -1.348425277
    -0.9192728094
    -0.6773973648
     -1.568843202
      1.513996252
  Internal gradient  :
      63.72044943
     -1.206661977
    -0.3270236419
    -0.2623857672
    -0.8162148286
    -0.6080577824
    -0.4840875586
     0.6181698943
    -0.5853397384
     -0.272646729
    -0.0535356663
     -0.609706144
      1.291857981
    -0.3196803758
    -0.1973618499
      15.78745935
 -0.0001941254595
  Internal covariance matrix:
  6.1313504e-05   3.513169e-07  3.3819289e-14 -1.2986657e-15  3.4028808e-07 -6.2817894e-08 -2.7835442e-16 -2.0106609e-07  9.3446412e-07  8.9218591e-15  2.0388922e-07 -1.5527266e-09  9.5477139e-08  -4.577328e-15  5.0882198e-13  6.7565471e-09 -5.6475357e-06
   3.513169e-07   8.662923e-05   5.896641e-14 -1.6839533e-13  2.9950867e-06 -4.6870699e-06 -3.6093648e-14  -1.454838e-07  4.6836596e-06  1.5555915e-14 -8.1239257e-06 -1.5641337e-11  5.7575762e-05 -5.9353276e-13  8.8716842e-13  1.1041071e-05  -0.0080360814
  3.3819289e-14   5.896641e-14  0.00031353974 -1.0986423e-13 -3.0893694e-16 -7.6111662e-15 -2.3548164e-14  1.4584264e-15  1.2412911e-14  3.9480553e-14  6.2580496e-15 -9.2769786e-19  2.7790243e-14 -3.8723176e-13  2.6650945e-19 -8.8747968e-13  4.2066403e-09
 -1.2986657e-15 -1.6839533e-13 -1.0986423e-13  0.00067589276 -3.3748269e-14   1.064877e-14   1.458284e-22  -1.133118e-14 -7.1738117e-14 -2.8983258e-14  1.3344953e-14 -1.6161486e-13 -1.1176049e-13  2.3980377e-21 -1.6529423e-12 -1.3625394e-13  1.0070847e-10
  3.4028808e-07  2.9950867e-06 -3.0893694e-16 -3.3748269e-14  1.4526296e-05  -3.802693e-07 -7.2335624e-15 -2.9697113e-08  4.0126855e-06 -8.1500584e-17 -2.1428551e-06 -5.1374205e-12   1.151173e-06 -1.1895047e-13 -4.6480547e-15   4.164627e-08 -3.6242629e-05
 -6.2817894e-08 -4.6870699e-06 -7.6111662e-15   1.064877e-14  -3.802693e-07  1.4972594e-06  2.2824444e-15 -5.0246157e-08 -1.4171699e-06    -2.0079e-15  5.1804323e-07   1.931318e-12 -1.8985174e-06  3.7533073e-14 -1.1451242e-13 -1.6078234e-07  0.00011791716
 -2.7835442e-16 -3.6093648e-14 -2.3548164e-14   1.458284e-22 -7.2335624e-15  2.2824444e-15  3.1051416e-05 -2.4287111e-15  -1.537626e-14 -6.2122358e-15  2.8603409e-15 -3.4640329e-14 -2.3954607e-14  5.1399246e-22 -3.5428963e-13 -2.9204501e-14   2.158573e-11
 -2.0106609e-07  -1.454838e-07  1.4584264e-15  -1.133118e-14 -2.9697113e-08 -5.0246157e-08 -2.4287111e-15  2.5139936e-06  1.9908216e-06  3.8474715e-16  1.7747045e-07  5.1348934e-12 -3.3090315e-07 -3.9938319e-14   2.194249e-14 -6.7726882e-07  0.00037449373
  9.3446412e-07  4.6836596e-06  1.2412911e-14 -7.1738117e-14  4.0126855e-06 -1.4171699e-06  -1.537626e-14  1.9908216e-06  5.0388585e-05  3.2746472e-15   4.505846e-06 -1.8206282e-11  1.5741392e-06 -2.5285097e-13   1.867562e-13  1.4713628e-06 -0.00092088116
  8.9218591e-15  1.5555915e-14  3.9480553e-14 -2.8983258e-14 -8.1500584e-17    -2.0079e-15 -6.2122358e-15  3.8474715e-16  3.2746472e-15  2.1820905e-05  1.6509346e-15 -2.4473576e-19  7.3313376e-15 -1.0215552e-13  7.0307799e-20 -2.3412581e-13  1.1097528e-09
  2.0388922e-07 -8.1239257e-06  6.2580496e-15  1.3344953e-14 -2.1428551e-06  5.1804323e-07  2.8603409e-15  1.7747045e-07   4.505846e-06  1.6509346e-15  7.9703052e-06  1.5565134e-12 -4.3087853e-06  4.7036144e-14   9.415435e-14 -4.2534299e-07  0.00030711745
 -1.5527266e-09 -1.5641337e-11 -9.2769786e-19 -1.6161486e-13 -5.1374205e-12   1.931318e-12 -3.4640329e-14  5.1348934e-12 -1.8206282e-11 -2.4473576e-19  1.5565134e-12  0.00067854246 -6.1602862e-12 -5.6963404e-13  -1.395751e-17  3.1433478e-12  -1.798155e-08
  9.5477139e-08  5.7575762e-05  2.7790243e-14 -1.1176049e-13   1.151173e-06 -1.8985174e-06 -2.3954607e-14 -3.3090315e-07  1.5741392e-06  7.3313376e-15 -4.3087853e-06 -6.1602862e-12  4.9006523e-05 -3.9391541e-13  4.1811305e-13   1.656249e-05    -0.01120363
  -4.577328e-15 -5.9353276e-13 -3.8723176e-13  2.3980377e-21 -1.1895047e-13  3.7533073e-14  5.1399246e-22 -3.9938319e-14 -2.5285097e-13 -1.0215552e-13  4.7036144e-14 -5.6963404e-13 -3.9391541e-13   0.0083973648 -5.8260252e-12 -4.8024595e-13  3.5496102e-10
  5.0882198e-13  8.8716842e-13  2.6650945e-19 -1.6529423e-12 -4.6480547e-15 -1.1451242e-13 -3.5428963e-13   2.194249e-14   1.867562e-13  7.0307799e-20   9.415435e-14  -1.395751e-17  4.1811305e-13 -5.8260252e-12    0.070889259 -1.3352414e-11  6.3290243e-08
  6.7565471e-09  1.1041071e-05 -8.8747968e-13 -1.3625394e-13   4.164627e-08 -1.6078234e-07 -2.9204501e-14 -6.7726882e-07  1.4713628e-06 -2.3412581e-13 -4.2534299e-07  3.1433478e-12   1.656249e-05 -4.8024595e-13 -1.3352414e-11  0.00029620398    -0.21860511
 -5.6475357e-06  -0.0080360814  4.2066403e-09  1.0070847e-10 -3.6242629e-05  0.00011791716   2.158573e-11  0.00037449373 -0.00092088116  1.1097528e-09  0.00030711745  -1.798155e-08    -0.01120363  3.5496102e-10  6.3290243e-08    -0.21860511      1011.8715
Info in <Minuit2>: VariableMetricBuilder Start iterating until Edm is < 0.001 with call limit = 8500
Info in <Minuit2>: VariableMetricBuilder    0 - FCN =      -1022983.328 Edm =     0.08206368158 NCalls =    298
Info in <Minuit2>: VariableMetricBuilder    1 - FCN =      -1022983.336 Edm =     0.07425086741 NCalls =    334
Info in <Minuit2>: VariableMetricBuilder    2 - FCN =      -1022983.401 Edm =    0.002627203166 NCalls =    370
Info in <Minuit2>: VariableMetricBuilder    3 - FCN =      -1022983.429 Edm =    0.000331830015 NCalls =    415
Info in <Minuit2>: VariableMetricBuilder After Hessian
Info in <Minuit2>: VariableMetricBuilder    4 - FCN =      -1022983.429 Edm =       3.799683822 NCalls =    660
Info in <Minuit2>: VariableMetricBuilder Tolerance not sufficient, continue minimization; Edm 3.79968 Required 0.001
Minuit2:0: RuntimeWarning: VariableMetricBuilder No improvement in line search
Info in <Minuit2>: VariableMetricBuilder    5 - FCN =      -1022983.429 Edm =       3.799683822 NCalls =    671
Minuit2:0: RuntimeWarning: VariableMetricBuilder Iterations finish without convergence; Edm 3.79968 Requested 0.001
Minuit2:0: RuntimeWarning: VariableMetricBuilder FunctionMinimum is invalid after second try
Minuit2:0: RuntimeWarning: Minuit2Minimizer::Minimize Minimization did NOT converge, Edm is above max
Minuit2Minimizer : Invalid Minimum - status = 3
FVAL  = -1.02298e+06
Edm   = 3.79968
Nfcn  = 660
Info in <Minuit2>: Minuit2Minimizer::Hesse Using max-calls 8500
Minuit2:0: RuntimeWarning: MnPosDef Matrix forced pos-def by adding to diagonal 19301.5
Info in <Minuit2>: Minuit2Minimizer::Hesse Hesse is valid - matrix is full but made positive defined
******************************************************************************************************
Minuit2Minimizer::GetMinosError - Run MINOS LOWER error for parameter #0 : #alpha_{RT1}^{6} using max-calls 8500, tolerance 1
Info in <Minuit2>: MnMinos Determination of lower Minos error for parameter 0
Info in <Minuit2>: MnFunctionCross Run Migrad with fixed parameters:
  Pos 0: #alpha_{RT1}^{6} = 0
Info in <Minuit2>: MnSeedGenerator Initial state: FCN =      -1022485.184 Edm =                 0 NCalls =     63
Info in <Minuit2>: MnSeedGenerator Negative G2 found - new state: 
  Minimum value : -1022485.184
  Edm           : 0
  Internal parameters:
     0.7535999365
    -0.9306781689
     -0.822327474
     -1.260573261
     -1.181676854
     -1.104823916
    -0.9387500495
    -0.3067665398
    -0.8419065365
    -0.2240213685
     -1.190237574
     -1.348362622
    -0.9197242953
    -0.6797921679
     -1.568843202
      1.346087451
  Internal gradient  :
                0
                0
                0
                0
                0
                0
                0
                0
                0
                0
                0
                0
                0
                0
                0
                0
  Internal covariance matrix:
              2              0              0              0              0              0              0              0              0              0              0              0              0              0              0              0
              0              2              0              0              0              0              0              0              0              0              0              0              0              0              0              0
