
[1mRooFit v3.60 -- Developed by Wouter Verkerke and David Kirkby[0m 
                Copyright (C) 2000-2013 NIKHEF, University of California & Stanford University
                All rights reserved, please read http://roofit.sourceforge.net/license.txt

Error in <TUnixSystem::FindDynamicLibrary>: ../utils/func_roofit/libRooGaussDoubleSidedExp[.so | .dll | .dylib | .sl | .dl | .a] does not exist in /cvmfs/sw.el7/gcc63/root/6.24.06/b01/lib64:/cvmfs/sw.el7/gcc63/root/6.24.06/b01/lib:/cvmfs/sw.el7/gcc63/pythia/8.2.40/b02/lib:/cvmfs/sw.el7/gcc/6.3/lib64:/cvmfs/sw.el7/gcc/6.3/lib:/cvmfs/sw.el7/gcc/6.3/libexec/gcc/x86_64-unknown-linux-gnu/6.3.1:.:/cvmfs/sw.el7/gcc63/root/6.24.06/b01/lib:/lib64/tls/x86_64:/lib64/tls:/lib64/x86_64:/lib64:/usr/lib64/tls/x86_64:/usr/lib64/tls:/usr/lib64/x86_64:/usr/lib64:/cvmfs/sw.el7/gcc63/root/6.24.06/b01/python/lib:/cvmfs/sw.el7/gcc63/root/6.24.06
start function declaration
mc file name: /lstore/cms/boletti/Run2-BdToKstarMuMu/2018MC_PSI_newphi_punzi_removeTkMu_fixBkg_B0Psicut_addxcutvariable.root
data file name: /lstore/cms/boletti/Run2-BdToKstarMuMu/2018data_newphi_punzi_removeTkMu_fixBkg_B0Psicut_addxcutvariable.root
reading data...
[#0] ERROR:InputArguments -- Didn't find a branch in Tree 'ntuple' to read variable 'weight' from.
	Note: Name the RooFit variable the same as the branch.
it worked :)
reading monte carlo...
dimuon selection:  keepPsiP
dimuon selection:  keepPsiP
dimuon selection:  keepPsiP
dimuon selection:  keepPsiP
dimuon selection:  keepPsiP
dimuon selection:  keepPsiP
dimuon selection:  keepPsiP
now fitting:  6  for  correctTag  
fitting the mc...
 **********
 **    1 **SET PRINT           1
 **********
 **********
 **    2 **SET NOGRAD
 **********
 PARAMETER DEFINITIONS:
    NO.   NAME         VALUE      STEP SIZE      LIMITS
     1 #alpha_{RT1}^{6}   1.50000e+00  7.50000e-01    0.00000e+00  1.00000e+01
     2 #alpha_{RT2}^{6}  -2.00000e+00  1.00000e+00   -1.00000e+01  0.00000e+00
     3 #sigma_{RT1}^{6}   2.80000e-02  1.40000e-02    0.00000e+00  1.00000e+00
     4 #sigma_{RT2}^{6}   4.80000e-02  2.40000e-02    0.00000e+00  1.00000e+00
     5 f^{RT6}      8.00000e-01  1.00000e-01    0.00000e+00  1.00000e+00
     6 mean_{RT}^{6}   5.27958e+00  3.97900e-02    5.20000e+00  5.80000e+00
     7 n_{RT1}^{6}   1.00000e+00  4.99500e-01    1.00000e-03  2.00000e+02
     8 n_{RT2}^{6}   1.00000e+00  4.99500e-01    1.00000e-03  2.00000e+02
 **********
 **    3 **SET ERR         0.5
 **********
 **********
 **    4 **SET PRINT           1
 **********
 **********
 **    5 **SET STR           1
 **********
 NOW USING STRATEGY  1: TRY TO BALANCE SPEED AGAINST RELIABILITY
 **********
 **    6 **MIGRAD        4000           1
 **********
 FIRST CALL TO USER FUNCTION AT NEW START POINT, WITH IFLAG=4.
 START MIGRAD MINIMIZATION.  STRATEGY  1.  CONVERGENCE WHEN EDM .LT. 1.00e-03
 FCN=-347762 FROM MIGRAD    STATUS=INITIATE       36 CALLS          37 TOTAL
                     EDM= unknown      STRATEGY= 1      NO ERROR MATRIX       
  EXT PARAMETER               CURRENT GUESS       STEP         FIRST   
  NO.   NAME      VALUE            ERROR          SIZE      DERIVATIVE 
   1  #alpha_{RT1}^{6}   1.50000e+00   7.50000e-01   2.16811e-01  -8.16858e+04
   2  #alpha_{RT2}^{6}  -2.00000e+00   1.00000e+00   2.57889e-01   1.18991e+04
   3  #sigma_{RT1}^{6}   2.80000e-02   1.40000e-02   8.78020e-02  -2.78353e+04
   4  #sigma_{RT2}^{6}   4.80000e-02   2.40000e-02   1.16111e-01   1.40787e+04
   5  f^{RT6}      8.00000e-01   1.00000e-01   2.57889e-01   5.18928e+03
   6  mean_{RT}^{6}   5.27958e+00   3.97900e-02   2.01879e-01  -5.57319e+04
   7  n_{RT1}^{6}   1.00000e+00   4.99500e-01   3.66720e-02  -2.06343e+05
   8  n_{RT2}^{6}   1.00000e+00   4.99500e-01   3.66720e-02  -1.74314e+04
                               ERR DEF= 0.5
 MIGRAD MINIMIZATION HAS CONVERGED.
 MIGRAD WILL VERIFY CONVERGENCE AND ERROR MATRIX.
 COVARIANCE MATRIX CALCULATED SUCCESSFULLY
 FCN=-359815 FROM MIGRAD    STATUS=CONVERGED     631 CALLS         632 TOTAL
                     EDM=0.000139761    STRATEGY= 1      ERROR MATRIX ACCURATE 
  EXT PARAMETER                                   STEP         FIRST   
  NO.   NAME      VALUE            ERROR          SIZE      DERIVATIVE 
   1  #alpha_{RT1}^{6}   1.23152e+00   4.26483e-02   1.27029e-03   3.79725e-01
   2  #alpha_{RT2}^{6}  -2.93967e+00   6.80138e-02   3.15775e-03  -2.06713e-01
   3  #sigma_{RT1}^{6}   2.47308e-02   4.05568e-04   3.45923e-04   1.83686e+00
   4  #sigma_{RT2}^{6}   4.05594e-02   2.58331e-04   2.15653e-04   7.49261e-01
   5  f^{RT6}      4.11215e-01   1.61257e-02   3.91790e-03  -1.56953e-01
   6  mean_{RT}^{6}   5.27948e+00   1.22332e-04   1.67129e-04   2.62407e+00
   7  n_{RT1}^{6}   7.16389e+00   6.84005e-01   2.50591e-03   3.32003e-01
   8  n_{RT2}^{6}   2.78412e+00   4.37220e-01   4.00192e-03   7.04581e-01
                               ERR DEF= 0.5
 EXTERNAL ERROR MATRIX.    NDIM=  25    NPAR=  8    ERR DEF=0.5
  1.819e-03 -1.082e-04  9.187e-06  6.945e-06  2.698e-04 -3.566e-06 -1.998e-02 -2.689e-04 
 -1.082e-04  4.626e-03  2.172e-06 -8.906e-07  6.705e-05  2.021e-07  3.672e-03  2.532e-02 
  9.187e-06  2.172e-06  1.645e-07  6.611e-08  5.687e-06 -1.142e-08  4.234e-05  4.658e-06 
  6.945e-06 -8.906e-07  6.611e-08  6.673e-08  3.274e-06 -9.814e-09 -1.226e-05 -2.817e-06 
  2.698e-04  6.705e-05  5.687e-06  3.274e-06  2.601e-04 -1.127e-07  3.242e-03  1.226e-04 
 -3.566e-06  2.021e-07 -1.142e-08 -9.814e-09 -1.127e-07  1.497e-08  4.525e-05  2.548e-07 
 -1.998e-02  3.672e-03  4.234e-05 -1.226e-05  3.242e-03  4.525e-05  4.679e-01  7.969e-03 
 -2.689e-04  2.532e-02  4.658e-06 -2.817e-06  1.226e-04  2.548e-07  7.969e-03  1.912e-01 
 PARAMETER  CORRELATION COEFFICIENTS  
       NO.  GLOBAL      1      2      3      4      5      6      7      8
        1  0.97175   1.000 -0.037  0.531  0.630  0.392 -0.683 -0.685 -0.014
        2  0.85973  -0.037  1.000  0.079 -0.051  0.061  0.024  0.079  0.851
        3  0.94751   0.531  0.079  1.000  0.631  0.869 -0.230  0.153  0.026
        4  0.91758   0.630 -0.051  0.631  1.000  0.786 -0.311 -0.069 -0.025
        5  0.95745   0.392  0.061  0.869  0.786  1.000 -0.057  0.294  0.017
        6  0.74160  -0.683  0.024 -0.230 -0.311 -0.057  1.000  0.541  0.005
        7  0.94396  -0.685  0.079  0.153 -0.069  0.294  0.541  1.000  0.027
        8  0.85556  -0.014  0.851  0.026 -0.025  0.017  0.005  0.027  1.000
 **********
 **    7 **SET ERR         0.5
 **********
 **********
 **    8 **SET PRINT           1
 **********
 **********
 **    9 **HESSE        4000
 **********
 COVARIANCE MATRIX CALCULATED SUCCESSFULLY
 FCN=-359815 FROM HESSE     STATUS=OK             61 CALLS         693 TOTAL
                     EDM=0.000146338    STRATEGY= 1      ERROR MATRIX ACCURATE 
  EXT PARAMETER                                INTERNAL      INTERNAL  
  NO.   NAME      VALUE            ERROR       STEP SIZE       VALUE   
   1  #alpha_{RT1}^{6}   1.23152e+00   4.98494e-02   5.08116e-05  -8.53667e-01
   2  #alpha_{RT2}^{6}  -2.93967e+00   6.99816e-02   1.26310e-04   4.24721e-01
   3  #sigma_{RT1}^{6}   2.47308e-02   4.24311e-04   1.38369e-05  -1.25496e+00
   4  #sigma_{RT2}^{6}   4.05594e-02   2.73167e-04   8.62611e-06  -1.16524e+00
   5  f^{RT6}      4.11215e-01   1.67291e-02   1.56716e-04  -1.78516e-01
   6  mean_{RT}^{6}   5.27948e+00   1.32836e-04   3.34258e-05  -8.25751e-01
   7  n_{RT1}^{6}   7.16389e+00   7.87332e-01   1.00237e-04  -1.19000e+00
   8  n_{RT2}^{6}   2.78412e+00   4.50239e-01   1.60077e-04  -1.33432e+00
                               ERR DEF= 0.5
 EXTERNAL ERROR MATRIX.    NDIM=  25    NPAR=  8    ERR DEF=0.5
  2.485e-03 -2.006e-04  1.141e-05  8.994e-06  3.222e-04 -4.898e-06 -2.942e-02 -6.331e-04 
 -2.006e-04  4.898e-03  1.577e-06 -1.365e-06  4.390e-05  3.543e-07  4.529e-03  2.710e-02 
  1.141e-05  1.577e-06  1.800e-07  7.648e-08  6.219e-06 -1.546e-08  2.320e-05  9.129e-07 
  8.994e-06 -1.365e-06  7.648e-08  7.462e-08  3.591e-06 -1.375e-08 -3.587e-05 -5.490e-06 
  3.222e-04  4.390e-05  6.219e-06  3.591e-06  2.800e-04 -2.005e-07  3.047e-03 -3.888e-05 
 -4.898e-06  3.543e-07 -1.546e-08 -1.375e-08 -2.005e-07  1.765e-08  6.477e-05  7.333e-07 
 -2.942e-02  4.529e-03  2.320e-05 -3.587e-05  3.047e-03  6.477e-05  6.200e-01  9.169e-03 
 -6.331e-04  2.710e-02  9.129e-07 -5.490e-06 -3.888e-05  7.333e-07  9.169e-03  2.027e-01 
 PARAMETER  CORRELATION COEFFICIENTS  
       NO.  GLOBAL      1      2      3      4      5      6      7      8
        1  0.97941   1.000 -0.057  0.539  0.660  0.386 -0.740 -0.749 -0.028
        2  0.86803  -0.057  1.000  0.053 -0.071  0.037  0.038  0.082  0.860
        3  0.95216   0.539  0.053  1.000  0.660  0.876 -0.274  0.069  0.005
        4  0.92663   0.660 -0.071  0.660  1.000  0.786 -0.379 -0.167 -0.045
        5  0.96053   0.386  0.037  0.876  0.786  1.000 -0.090  0.231 -0.005
        6  0.78634  -0.740  0.038 -0.274 -0.379 -0.090  1.000  0.619  0.012
        7  0.95800  -0.749  0.082  0.069 -0.167  0.231  0.619  1.000  0.026
        8  0.86433  -0.028  0.860  0.005 -0.045 -0.005  0.012  0.026  1.000
fit status:  0 3
doublecb_RT6  -----> plotting  
Info in <TCanvas::MakeDefCanvas>:  created default TCanvas with name c1
cbshape_RT1_6  -----> plotting  
cbshape_RT2_6  -----> plotting  
setting nRT to  192011.0
Info in <TCanvas::Print>: pdf file fit_results_mass_checkOnMC/newbdt_puw/save_fit_mc_6_2018_RT_newSigmaFRT_asInANv8.pdf has been created
now fitting:  6  for   wrongTag
fitting the mc...
 **********
 **    1 **SET PRINT           1
 **********
 **********
 **    2 **SET NOGRAD
 **********
 PARAMETER DEFINITIONS:
    NO.   NAME         VALUE      STEP SIZE      LIMITS
     1 #alpha_{WT1}^{6}   5.00000e-01  2.50000e-01    0.00000e+00  1.00000e+01
     2 #alpha_{WT2}^{6}   2.50000e+00  1.00000e+00    0.00000e+00  1.00000e+01
     3 #sigma_{WT1}^{6}   3.00000e-02  1.50000e-02    0.00000e+00  1.00000e+00
     4 mean_{WT}^{6}   5.27958e+00  1.00000e-01    5.00000e+00  6.00000e+00
     5 n_{WT1}^{6}   1.00000e+00  4.95000e-01    1.00000e-02  1.00000e+02
     6 n_{WT2}^{6}   1.00000e+00  4.95000e-01    1.00000e-02  1.00000e+02
 **********
 **    3 **SET ERR         0.5
 **********
 **********
 **    4 **SET PRINT           1
 **********
 **********
 **    5 **SET STR           1
 **********
 NOW USING STRATEGY  1: TRY TO BALANCE SPEED AGAINST RELIABILITY
 **********
 **    6 **MIGRAD        3000           1
 **********
 FIRST CALL TO USER FUNCTION AT NEW START POINT, WITH IFLAG=4.
 START MIGRAD MINIMIZATION.  STRATEGY  1.  CONVERGENCE WHEN EDM .LT. 1.00e-03
 FCN=-23164.4 FROM MIGRAD    STATUS=INITIATE       24 CALLS          25 TOTAL
                     EDM= unknown      STRATEGY= 1      NO ERROR MATRIX       
  EXT PARAMETER               CURRENT GUESS       STEP         FIRST   
  NO.   NAME      VALUE            ERROR          SIZE      DERIVATIVE 
   1  #alpha_{WT1}^{6}   5.00000e-01   2.50000e-01   1.18625e-01  -2.73772e+04
   2  #alpha_{WT2}^{6}   2.50000e+00   1.00000e+00   2.35352e-01   1.82688e+04
   3  #sigma_{WT1}^{6}   3.00000e-02   1.50000e-02   9.09734e-02  -5.93186e+04
   4  mean_{WT}^{6}   5.27958e+00   1.00000e-01   2.26180e-01  -1.09005e+05
   5  n_{WT1}^{6}   1.00000e+00   4.95000e-01   5.17524e-02  -5.05491e+04
   6  n_{WT2}^{6}   1.00000e+00   4.95000e-01   5.17524e-02   1.32072e+04
                               ERR DEF= 0.5
 MIGRAD MINIMIZATION HAS CONVERGED.
 MIGRAD WILL VERIFY CONVERGENCE AND ERROR MATRIX.
 COVARIANCE MATRIX CALCULATED SUCCESSFULLY
 FCN=-32762.5 FROM HESSE     STATUS=OK             44 CALLS         365 TOTAL
                     EDM=0.0174587    STRATEGY= 1      ERROR MATRIX ACCURATE 
  EXT PARAMETER                                   STEP         FIRST   
  NO.   NAME      VALUE            ERROR          SIZE      DERIVATIVE 
   1  #alpha_{WT1}^{6}   9.88794e-01   3.71454e-02   4.01775e-04   5.01046e-01
   2  #alpha_{WT2}^{6}   1.32894e+00   6.58957e-02   6.07321e-04   5.08438e-01
   3  #sigma_{WT1}^{6}   5.32547e-02   9.04291e-04   1.73483e-04  -2.45456e+00
   4  mean_{WT}^{6}   5.27529e+00   5.73369e-04   1.13385e-04  -1.31180e-02
   5  n_{WT1}^{6}   1.03095e+01   1.93262e+00   3.11146e-03  -4.21730e-02
   6  n_{WT2}^{6}   2.01242e+01   8.73353e+00   9.91065e-03  -8.78290e-01
                               ERR DEF= 0.5
 MIGRAD MINIMIZATION HAS CONVERGED.
 FCN=-32762.5 FROM MIGRAD    STATUS=CONVERGED     378 CALLS         379 TOTAL
                     EDM=9.2767e-05    STRATEGY= 1  ERROR MATRIX UNCERTAINTY   9.1 per cent
  EXT PARAMETER                                   STEP         FIRST   
  NO.   NAME      VALUE            ERROR          SIZE      DERIVATIVE 
   1  #alpha_{WT1}^{6}   9.90078e-01   3.68354e-02   4.30049e-04   2.85633e-01
   2  #alpha_{WT2}^{6}   1.33674e+00   5.93788e-02   2.29602e-03  -2.18645e+00
   3  #sigma_{WT1}^{6}   5.33097e-02   8.81824e-04   2.44753e-04   3.94404e+00
   4  mean_{WT}^{6}   5.27530e+00   5.71517e-04   2.74643e-05   3.38646e+00
   5  n_{WT1}^{6}   1.02916e+01   1.92934e+00  -5.89092e-04   6.72391e-03
   6  n_{WT2}^{6}   1.89404e+01   7.17159e+00   2.98720e-02   1.65461e-01
                               ERR DEF= 0.5
 EXTERNAL ERROR MATRIX.    NDIM=  25    NPAR=  6    ERR DEF=0.5
  1.357e-03  1.098e-03  2.427e-05 -1.140e-05 -5.871e-02  6.538e-02 
  1.098e-03  3.526e-03  3.905e-05  8.359e-07 -2.410e-02  3.605e-01 
  2.427e-05  3.905e-05  7.776e-07 -1.699e-07 -6.079e-04  2.544e-03 
 -1.140e-05  8.359e-07 -1.699e-07  3.266e-07  4.437e-04  5.159e-04 
 -5.871e-02 -2.410e-02 -6.079e-04  4.437e-04  3.727e+00 -1.249e+00 
  6.538e-02  3.605e-01  2.544e-03  5.159e-04 -1.249e+00  5.202e+01 
 PARAMETER  CORRELATION COEFFICIENTS  
       NO.  GLOBAL      1      2      3      4      5      6
        1  0.96544   1.000  0.502  0.747 -0.542 -0.826  0.246
        2  0.96081   0.502  1.000  0.746  0.025 -0.210  0.842
        3  0.93564   0.747  0.746  1.000 -0.337 -0.357  0.400
        4  0.70545  -0.542  0.025 -0.337  1.000  0.402  0.125
        5  0.91953  -0.826 -0.210 -0.357  0.402  1.000 -0.090
        6  0.91355   0.246  0.842  0.400  0.125 -0.090  1.000
 **********
 **    7 **SET ERR         0.5
 **********
 **********
 **    8 **SET PRINT           1
 **********
 **********
 **    9 **HESSE        3000
 **********
 COVARIANCE MATRIX CALCULATED SUCCESSFULLY
 FCN=-32762.5 FROM HESSE     STATUS=OK             44 CALLS         423 TOTAL
                     EDM=0.000119217    STRATEGY= 1      ERROR MATRIX ACCURATE 
  EXT PARAMETER                                INTERNAL      INTERNAL  
  NO.   NAME      VALUE            ERROR       STEP SIZE       VALUE   
   1  #alpha_{WT1}^{6}   9.90078e-01   3.73924e-02   4.01764e-04  -9.30610e-01
   2  #alpha_{WT2}^{6}   1.33674e+00   6.25496e-02   6.07350e-04  -8.22209e-01
   3  #sigma_{WT1}^{6}   5.33097e-02   8.85165e-04   1.73469e-04  -1.10481e+00
   4  mean_{WT}^{6}   5.27530e+00   5.73653e-04   4.53540e-05  -4.66086e-01
   5  n_{WT1}^{6}   1.02916e+01   1.96292e+00   1.24458e-03  -9.17932e-01
   6  n_{WT2}^{6}   1.89404e+01   7.30285e+00   9.91441e-03  -2.47112e+00
                               ERR DEF= 0.5
 EXTERNAL ERROR MATRIX.    NDIM=  25    NPAR=  6    ERR DEF=0.5
  1.398e-03  1.159e-03  2.469e-05 -1.157e-05 -6.107e-02  7.004e-02 
  1.159e-03  3.913e-03  4.114e-05  1.378e-06 -2.572e-02  3.949e-01 
  2.469e-05  4.114e-05  7.835e-07 -1.679e-07 -6.307e-04  2.735e-03 
 -1.157e-05  1.378e-06 -1.679e-07  3.291e-07  4.584e-04  5.694e-04 
 -6.107e-02 -2.572e-02 -6.307e-04  4.584e-04  3.858e+00 -1.337e+00 
  7.004e-02  3.949e-01  2.735e-03  5.694e-04 -1.337e+00  5.396e+01 
 PARAMETER  CORRELATION COEFFICIENTS  
       NO.  GLOBAL      1      2      3      4      5      6
        1  0.96640   1.000  0.495  0.746 -0.539 -0.831  0.255
        2  0.96408   0.495  1.000  0.743  0.038 -0.209  0.859
        3  0.93583   0.746  0.743  1.000 -0.331 -0.363  0.421
        4  0.70807  -0.539  0.038 -0.331  1.000  0.407  0.135
        5  0.92260  -0.831 -0.209 -0.363  0.407  1.000 -0.093
        6  0.92352   0.255  0.859  0.421  0.135 -0.093  1.000
Info in <TCanvas::Print>: pdf file fit_results_mass_checkOnMC/newbdt_puw/save_fit_mc_6_2018_WT_newSigmaFRT_asInANv8.pdf has been created
fit status:  0 3
doublecb_6  -----> plotting  
setting nWT to  27944.0
mistag fraction on MC for bin  6  :  0.127044168125 +/- 0.276142986869
constraining var #sigma_{RT1}^{6} :  0.0247308212678  with uncertainty  0.000424311375909
constraining var #alpha_{RT1}^{6} :  1.23152084971  with uncertainty  0.0498494481882
constraining var #alpha_{RT2}^{6} :  -2.93966626712  with uncertainty  0.0699816048141
constraining var n_{RT1}^{6} :  7.16389392052  with uncertainty  0.787331738226
constraining var n_{RT2}^{6} :  2.78412192348  with uncertainty  0.450239196734
constraining var #sigma_{WT1}^{6} :  0.0533097081932  with uncertainty  0.000885164819812
constraining var #alpha_{WT1}^{6} :  0.990078432382  with uncertainty  0.037392425922
constraining var #alpha_{WT2}^{6} :  1.33674402432  with uncertainty  0.0625496318276
constraining var n_{WT1}^{6} :  10.29162669  with uncertainty  1.96291613787
constraining var n_{WT2}^{6} :  18.9403999394  with uncertainty  7.30285246499
constraining var #sigma_{RT2}^{6} :  0.0405594037403  with uncertainty  0.000273167415848
constraining var f^{RT6} :  0.411215379323  with uncertainty  0.0167291256731
219955.0
here 0
here 1
total pdf created
Minuit2Minimizer: Minimize with max-calls 8500 convergence for edm < 1 strategy 2
Info in <Minuit2>: MnSeedGenerator Initial state: FCN =       203836.7501 Edm =       300543.7707 NCalls =     53
Info in <Minuit2>: MnSeedGenerator Negative G2 found - new state: 
  Minimum value : 151428.2258
  Edm           : 237475.32
  Internal parameters:
     -1.573714752
     0.4247211764
    -0.9306097373
     -0.822209182
     -1.254964568
     -1.165235288
     -1.104813882
     -0.594494435
       1.56732442
    -0.8419025663
    -0.8257514169
     -1.190004669
     -1.334316211
    -0.9179316992
    -0.6704697728
     -1.485490177
      1.569265566
  Internal gradient  :
     -4771.166153
   -0.02091055288
    0.04847157297
    0.03886411376
      19622.13355
    -0.3062136857
    0.07178725588
      310980.0222
     -71.64862408
    0.04043266199
      22784.89824
    0.09110198327
     0.1517447735
    0.04720550216
    0.02862541952
      7477.290123
    -0.4248028156
  Internal covariance matrix:
  1.2236396e-06              0              0              0              0              0              0              0              0              0              0              0              0              0              0              0              0
              0  0.00047193634              0              0              0              0              0              0              0              0              0              0              0              0              0              0              0
              0              0   0.0003134773              0              0              0              0              0              0              0              0              0              0              0              0              0              0
              0              0              0   0.0006756948              0              0              0              0              0              0              0              0              0              0              0              0              0
              0              0              0              0  8.2381142e-06              0              0              0              0              0              0              0              0              0              0              0              0
              0              0              0              0              0  3.8351383e-06              0              0              0              0              0              0              0              0              0              0              0
              0              0              0              0              0              0  3.1050153e-05              0              0              0              0              0              0              0              0              0              0
              0              0              0              0              0              0              0  9.3183993e-06              0              0              0              0              0              0              0              0              0
              0              0              0              0              0              0              0              0    9.69034e-05              0              0              0              0              0              0              0              0
              0              0              0              0              0              0              0              0              0  2.1820684e-05              0              0              0              0              0              0              0
              0              0              0              0              0              0              0              0              0              0  8.5746292e-05              0              0              0              0              0              0
              0              0              0              0              0              0              0              0              0              0              0  0.00089753699              0              0              0              0              0
              0              0              0              0              0              0              0              0              0              0              0              0  0.00073858778              0              0              0              0
              0              0              0              0              0              0              0              0              0              0              0              0              0   0.0083546131              0              0              0
              0              0              0              0              0              0              0              0              0              0              0              0              0              0    0.069541303              0              0
              0              0              0              0              0              0              0              0              0              0              0              0              0              0              0  1.8182663e-05              0
              0              0              0              0              0              0              0              0              0              0              0              0              0              0              0              0   0.0072073301
Info in <Minuit2>: MnSeedGenerator run Hesse - new state: 
  Minimum value : 151428.2258
  Edm           : 334082.3543
  Internal parameters:
     -1.573714752
     0.4247211764
    -0.9306097373
     -0.822209182
     -1.254964568
     -1.165235288
     -1.104813882
     -0.594494435
       1.56732442
    -0.8419025663
    -0.8257514169
     -1.190004669
     -1.334316211
    -0.9179316992
    -0.6704697728
     -1.485490177
      1.569265566
  Internal gradient  :
     -4771.168621
  -0.004584757712
  3.244174394e-06
  6.223968756e-05
      19622.10287
    -0.3901654516
  0.0001147626535
      310980.0393
     -71.64744632
  4.098753484e-06
      22784.92489
   0.002012800802
   0.001944445663
  3.037321946e-06
  4.582804586e-05
      7477.311941
    -0.4247552756
  Internal covariance matrix:
  1.2269915e-06  1.9798456e-13  2.8997772e-18 -1.1367458e-14 -1.6081575e-07  5.4134462e-12 -6.2124797e-21  1.0996136e-07 -1.9468397e-09   2.042783e-15 -1.0534126e-07  6.1908782e-10 -1.6409714e-13  1.4970102e-17 -1.1527774e-13  2.2289134e-08   1.389081e-09
  1.9798456e-13  0.00047193636  -1.549603e-13 -4.9322178e-17 -1.1972477e-11 -2.4510017e-11 -4.8791308e-14  3.2468096e-11 -4.5979687e-08  8.8634162e-18  -1.466994e-10   7.865227e-13 -6.0459232e-09 -7.9998267e-13  5.2662051e-16 -4.9016462e-10 -4.5430852e-12
  2.8997772e-18  -1.549603e-13   0.0003134773 -1.8550265e-13 -2.0553578e-16 -1.3929089e-14  9.6111001e-23 -5.0266766e-17 -1.4520232e-13  3.3335657e-14  5.4413427e-17  1.4405036e-21 -1.9398521e-13  2.7006625e-21 -1.8818978e-12 -9.6380708e-17  -4.637474e-18
 -1.1367458e-14 -4.9322178e-17 -1.8550265e-13   0.0006756948 -2.0154695e-14 -3.2744691e-17 -5.8381997e-14 -2.0887694e-14  1.0597069e-13 -1.8926855e-22 -3.0454473e-14 -3.1389242e-13  3.0528157e-17 -9.5765761e-13  8.3178513e-21 -4.1463723e-14  8.9834759e-13
 -1.6081575e-07 -1.1972477e-11 -2.0553578e-16 -2.0154695e-14  8.6846459e-06 -2.6352769e-10  3.0364285e-19 -1.5689192e-06  1.3770208e-07  3.6218889e-15 -1.4267944e-06 -5.8196428e-11 -2.0309228e-12 -1.0610786e-15 -2.0754215e-13 -9.1900642e-07  -5.684706e-08
  5.4134462e-12 -2.4510017e-11 -1.3929089e-14 -3.2744691e-17 -2.6352769e-10  3.8351482e-06 -4.3984164e-15  2.3158231e-10 -3.0952111e-08  5.8843676e-18 -7.9365246e-10 -2.5128951e-14  3.6689648e-11 -7.1908933e-14  3.5914582e-16 -1.4835905e-10 -6.3252306e-12
 -6.2124797e-21 -4.8791308e-14  9.6111001e-23 -5.8381997e-14  3.0364285e-19 -4.3984164e-15  3.1050153e-05  -2.613453e-19  3.7911824e-17  1.0491506e-14  8.9163883e-19   1.615573e-24 -6.1038294e-14  4.9617313e-22 -5.9227698e-13  2.0343956e-19  7.7106455e-21
  1.0996136e-07  3.2468096e-11 -5.0266766e-17 -2.0887694e-14 -1.5689192e-06  2.3158231e-10  -2.613453e-19  1.8785984e-05  3.2965965e-08  3.7536121e-15 -3.9429326e-05 -1.2666172e-10  -9.197203e-11 -2.5950222e-16 -2.1263897e-13  1.7164025e-06  1.0903067e-07
 -1.9468397e-09 -4.5979687e-08 -1.4520232e-13  1.0597069e-13  1.3770208e-07 -3.0952111e-08  3.7911824e-17  3.2965965e-08  9.6906508e-05 -1.9043407e-14 -3.4395642e-08 -9.5715704e-13  2.8313317e-08 -7.4960711e-13  -1.089414e-12  6.4701204e-08  3.1087734e-09
   2.042783e-15  8.8634162e-18  3.3335657e-14 -1.8926855e-22  3.6218889e-15  5.8843676e-18  1.0491506e-14  3.7536121e-15 -1.9043407e-14  2.1820684e-05  5.4728052e-15  5.6407873e-14 -5.4860466e-18  1.7209536e-13 -1.4947551e-21  7.4512166e-15 -1.6143708e-13
 -1.0534126e-07  -1.466994e-10  5.4413427e-17 -3.0454473e-14 -1.4267944e-06 -7.9365246e-10  8.9163883e-19 -3.9429326e-05 -3.4395642e-08  5.4728052e-15  0.00017177255  6.8138904e-10  4.0840746e-10  2.8090936e-16 -3.0818801e-13 -6.6608892e-06 -4.2529825e-07
  6.1908782e-10   7.865227e-13  1.4405036e-21 -3.1389242e-13 -5.8196428e-11 -2.5128951e-14   1.615573e-24 -1.2666172e-10 -9.5715704e-13  5.6407873e-14  6.8138904e-10  0.00089753699  3.2975556e-13  7.4366012e-21 -3.1843935e-12 -2.0480783e-11 -1.3186339e-12
 -1.6409714e-13 -6.0459232e-09 -1.9398521e-13  3.0528157e-17 -2.0309228e-12  3.6689648e-11 -6.1038294e-14  -9.197203e-11  2.8313317e-08 -5.4860466e-18  4.0840746e-10  3.2975556e-13  0.00073858779 -1.0014488e-12 -3.2269301e-16  2.1049784e-10 -2.6571542e-12
  1.4970102e-17 -7.9998267e-13  2.7006625e-21 -9.5765761e-13 -1.0610786e-15 -7.1908933e-14  4.9617313e-22 -2.5950222e-16 -7.4960711e-13  1.7209536e-13  2.8090936e-16  7.4366012e-21 -1.0014488e-12   0.0083546131  -9.715299e-12 -4.9756549e-16 -2.3940964e-17
 -1.1527774e-13  5.2662051e-16 -1.8818978e-12  8.3178513e-21 -2.0754215e-13  3.5914582e-16 -5.9227698e-13 -2.1263897e-13  -1.089414e-12 -1.4947551e-21 -3.0818801e-13 -3.1843935e-12 -3.2269301e-16  -9.715299e-12    0.069541303 -4.2208866e-13  9.1135378e-12
  2.2289134e-08 -4.9016462e-10 -9.6380708e-17 -4.1463723e-14 -9.1900642e-07 -1.4835905e-10  2.0343956e-19  1.7164025e-06  6.4701204e-08  7.4512166e-15 -6.6608892e-06 -2.0480783e-11  2.1049784e-10 -4.9756549e-16 -4.2208866e-13  1.8552242e-05 -3.4692568e-06
   1.389081e-09 -4.5430852e-12  -4.637474e-18  8.9834759e-13  -5.684706e-08 -6.3252306e-12  7.7106455e-21  1.0903067e-07  3.1087734e-09 -1.6143708e-13 -4.2529825e-07 -1.3186339e-12 -2.6571542e-12 -2.3940964e-17  9.1135378e-12 -3.4692568e-06   0.0072080024
Info in <Minuit2>: VariableMetricBuilder Start iterating until Edm is < 0.001 with call limit = 8500
Info in <Minuit2>: VariableMetricBuilder    0 - FCN =       151428.2258 Edm =       334082.3543 NCalls =    457
Info in <Minuit2>: VariableMetricBuilder    1 - FCN =      -6789.138601 Edm =        2920.49541 NCalls =    505
Info in <Minuit2>: VariableMetricBuilder    2 - FCN =      -7489.711554 Edm =       172.7834427 NCalls =    547
Info in <Minuit2>: VariableMetricBuilder    3 - FCN =      -7708.397372 Edm =       1.438111262 NCalls =    598
Info in <Minuit2>: VariableMetricBuilder    4 - FCN =      -7709.876692 Edm =     0.06683055226 NCalls =    641
Info in <Minuit2>: VariableMetricBuilder    5 - FCN =      -7709.967069 Edm =    0.003195665371 NCalls =    685
Info in <Minuit2>: VariableMetricBuilder    6 - FCN =      -7710.061079 Edm =      0.1292946664 NCalls =    731
Minuit2:0: RuntimeWarning: DavidonErrorUpdator delgam < 0 : first derivatives increasing along search line
Info in <Minuit2>: VariableMetricBuilder    7 - FCN =      -7752.236001 Edm =       3.134073119 NCalls =    782
Minuit2:0: RuntimeWarning: VariableMetricBuilder Matrix not pos.def, gdel = 73.0082 > 0
Minuit2:0: RuntimeWarning: MnPosDef non-positive diagonal element in covariance matrix[ 0 ] = -2.78208e-05
Minuit2:0: RuntimeWarning: MnPosDef non-positive diagonal element in covariance matrix[ 8 ] = -0.00201747
Minuit2:0: RuntimeWarning: MnPosDef Added to diagonal of Error matrix a value 0.502018
Minuit2:0: RuntimeWarning: VariableMetricBuilder gdel = -8.12407e+06
Info in <Minuit2>: VariableMetricBuilder    8 - FCN =      -7765.662595 Edm =       2006175.237 NCalls =    825
Info in <Minuit2>: VariableMetricBuilder    9 - FCN =       -7785.07963 Edm =       222996.5849 NCalls =    868
Info in <Minuit2>: VariableMetricBuilder   10 - FCN =      -7787.014371 Edm =       677297.4428 NCalls =    911
Info in <Minuit2>: VariableMetricBuilder   11 - FCN =      -7790.661031 Edm =       771681.2137 NCalls =    950
Info in <Minuit2>: VariableMetricBuilder   12 - FCN =      -7809.562433 Edm =       296317.2152 NCalls =    996
Info in <Minuit2>: VariableMetricBuilder   13 - FCN =       -7874.79098 Edm =       296323.7041 NCalls =   1047
Minuit2:0: RuntimeWarning: DavidonErrorUpdator delgam < 0 : first derivatives increasing along search line
Info in <Minuit2>: VariableMetricBuilder   14 - FCN =      -8036.844971 Edm =       169628.5493 NCalls =   1094
Info in <Minuit2>: VariableMetricBuilder   15 - FCN =      -8036.975663 Edm =       4124.094073 NCalls =   1132
Info in <Minuit2>: VariableMetricBuilder   16 - FCN =      -8047.348166 Edm =       275740.7142 NCalls =   1173
Info in <Minuit2>: VariableMetricBuilder   17 - FCN =      -8084.108751 Edm =       654.6075529 NCalls =   1211
Info in <Minuit2>: VariableMetricBuilder   18 - FCN =      -8085.755227 Edm =       2257.428873 NCalls =   1248
Info in <Minuit2>: VariableMetricBuilder   19 - FCN =      -8109.286001 Edm =        23214.5919 NCalls =   1286
Info in <Minuit2>: VariableMetricBuilder   20 - FCN =      -8217.789832 Edm =       11021.65363 NCalls =   1332
Info in <Minuit2>: VariableMetricBuilder   21 - FCN =      -8222.410572 Edm =       83.53162032 NCalls =   1371
Info in <Minuit2>: VariableMetricBuilder   22 - FCN =      -8224.130634 Edm =       1648.292644 NCalls =   1411
Info in <Minuit2>: VariableMetricBuilder   23 - FCN =      -8226.150681 Edm =       475.3692414 NCalls =   1451
Info in <Minuit2>: VariableMetricBuilder   24 - FCN =      -8256.134005 Edm =        22.4126511 NCalls =   1489
Info in <Minuit2>: VariableMetricBuilder   25 - FCN =      -8283.771351 Edm =       10.29426748 NCalls =   1529
Info in <Minuit2>: VariableMetricBuilder   26 - FCN =      -8294.548029 Edm =       10.02794658 NCalls =   1569
Info in <Minuit2>: VariableMetricBuilder   27 - FCN =      -8295.884905 Edm =       2.105992961 NCalls =   1609
Info in <Minuit2>: VariableMetricBuilder   28 - FCN =      -8297.095815 Edm =      0.5165513529 NCalls =   1649
Minuit2:0: RuntimeWarning: VariableMetricBuilder Matrix not pos.def., try to make pos.def.
Minuit2:0: RuntimeWarning: MnPosDef non-positive diagonal element in covariance matrix[ 0 ] = -4.23279e-06
Minuit2:0: RuntimeWarning: MnPosDef Added to diagonal of Error matrix a value 0.500005
Info in <Minuit2>: VariableMetricBuilder   29 - FCN =       -8297.34526 Edm =       89031.15089 NCalls =   1685
Info in <Minuit2>: VariableMetricBuilder   30 - FCN =      -8298.301066 Edm =       48356.17972 NCalls =   1724
Info in <Minuit2>: VariableMetricBuilder   31 - FCN =      -8299.027028 Edm =       127767.8281 NCalls =   1763
Info in <Minuit2>: VariableMetricBuilder   32 - FCN =      -8347.210593 Edm =       2175513.308 NCalls =   1808
Info in <Minuit2>: VariableMetricBuilder   33 - FCN =      -8359.032182 Edm =       35923.30704 NCalls =   1850
Info in <Minuit2>: VariableMetricBuilder   34 - FCN =      -8362.751457 Edm =       13397.94338 NCalls =   1892
Info in <Minuit2>: VariableMetricBuilder   35 - FCN =      -8363.130976 Edm =       6151.541573 NCalls =   1930
Info in <Minuit2>: VariableMetricBuilder   36 - FCN =      -8363.419787 Edm =       3738.428469 NCalls =   1970
Info in <Minuit2>: VariableMetricBuilder   37 - FCN =       -8363.59862 Edm =       219.8178556 NCalls =   2010
Info in <Minuit2>: VariableMetricBuilder   38 - FCN =      -8363.986125 Edm =       361.9333975 NCalls =   2047
Info in <Minuit2>: VariableMetricBuilder   39 - FCN =      -8364.303424 Edm =       815.6627673 NCalls =   2084
Info in <Minuit2>: VariableMetricBuilder   40 - FCN =      -8367.951889 Edm =       4815.369236 NCalls =   2124
Info in <Minuit2>: VariableMetricBuilder   41 - FCN =      -8371.700941 Edm =       322.3915061 NCalls =   2162
Info in <Minuit2>: VariableMetricBuilder   42 - FCN =      -8372.361463 Edm =       722.0756013 NCalls =   2199
Info in <Minuit2>: VariableMetricBuilder   43 - FCN =      -8402.161668 Edm =       2267.292399 NCalls =   2239
Info in <Minuit2>: VariableMetricBuilder   44 - FCN =      -8443.965076 Edm =       607.3851666 NCalls =   2283
Info in <Minuit2>: VariableMetricBuilder   45 - FCN =      -8458.627331 Edm =       123.0366233 NCalls =   2321
Info in <Minuit2>: VariableMetricBuilder   46 - FCN =      -8578.242269 Edm =       17.08039343 NCalls =   2366
Info in <Minuit2>: VariableMetricBuilder   47 - FCN =       -8590.81841 Edm =       1.652227423 NCalls =   2406
Info in <Minuit2>: VariableMetricBuilder   48 - FCN =      -8592.509661 Edm =      0.1441612022 NCalls =   2444
Info in <Minuit2>: VariableMetricBuilder   49 - FCN =      -8592.688846 Edm =     0.02292238951 NCalls =   2480
Info in <Minuit2>: VariableMetricBuilder   50 - FCN =      -8592.758019 Edm =     0.02990342228 NCalls =   2518
Info in <Minuit2>: VariableMetricBuilder   51 - FCN =      -8592.868282 Edm =     0.02681629065 NCalls =   2558
Info in <Minuit2>: VariableMetricBuilder   52 - FCN =       -8592.91742 Edm =    0.004283118535 NCalls =   2596
Info in <Minuit2>: VariableMetricBuilder   53 - FCN =      -8592.925057 Edm =    0.000421667177 NCalls =   2632
Minuit2:0: RuntimeWarning: MnPosDef Matrix forced pos-def by adding to diagonal 0.720591
Info in <Minuit2>: VariableMetricBuilder After Hessian
Info in <Minuit2>: VariableMetricBuilder   54 - FCN =      -8592.925057 Edm =    0.001108740051 NCalls =   2841
Info in <Minuit2>: VariableMetricBuilder Tolerance not sufficient, continue minimization; Edm 0.00110874 Required 0.001
Info in <Minuit2>: VariableMetricBuilder   55 - FCN =      -8592.944053 Edm =       376399.1553 NCalls =   2882
Info in <Minuit2>: VariableMetricBuilder   56 - FCN =      -8592.947446 Edm =     0.01295962117 NCalls =   2927
Info in <Minuit2>: VariableMetricBuilder   57 - FCN =      -8592.947454 Edm =    0.002820805695 NCalls =   2965
Info in <Minuit2>: VariableMetricBuilder   58 - FCN =       -8593.28034 Edm =       4.448413244 NCalls =   3012
Info in <Minuit2>: VariableMetricBuilder   59 - FCN =       -8593.28353 Edm =    0.003269531462 NCalls =   3048
Info in <Minuit2>: VariableMetricBuilder   60 - FCN =      -8593.288966 Edm =    0.003522047572 NCalls =   3085
Info in <Minuit2>: VariableMetricBuilder   61 - FCN =      -8593.331009 Edm =     0.03498501819 NCalls =   3127
Info in <Minuit2>: VariableMetricBuilder   62 - FCN =      -8595.750581 Edm =       7.336373361 NCalls =   3178
Info in <Minuit2>: VariableMetricBuilder   63 - FCN =       -8597.39769 Edm =       7.959485198 NCalls =   3220
Info in <Minuit2>: VariableMetricBuilder   64 - FCN =      -8597.822432 Edm =      0.5722259686 NCalls =   3262
Info in <Minuit2>: VariableMetricBuilder   65 - FCN =      -8598.638871 Edm =        2.93320182 NCalls =   3308
Info in <Minuit2>: VariableMetricBuilder   66 - FCN =      -8600.055021 Edm =        1.52344989 NCalls =   3350
Info in <Minuit2>: VariableMetricBuilder   67 - FCN =      -8616.204514 Edm =       3.888155743 NCalls =   3406
Info in <Minuit2>: VariableMetricBuilder   68 - FCN =      -8616.995022 Edm =       2.250453585 NCalls =   3442
Info in <Minuit2>: VariableMetricBuilder   69 - FCN =      -8622.141157 Edm =       5.490394746 NCalls =   3487
Info in <Minuit2>: VariableMetricBuilder   70 - FCN =      -8624.034476 Edm =       3.326127144 NCalls =   3524
Info in <Minuit2>: VariableMetricBuilder   71 - FCN =      -8627.496403 Edm =        2.94666192 NCalls =   3562
Info in <Minuit2>: VariableMetricBuilder   72 - FCN =       -8637.52241 Edm =       4.191659466 NCalls =   3612
Info in <Minuit2>: VariableMetricBuilder   73 - FCN =      -8641.301322 Edm =       4.292704562 NCalls =   3655
Info in <Minuit2>: VariableMetricBuilder   74 - FCN =      -8643.979112 Edm =        1.77581323 NCalls =   3693
Info in <Minuit2>: VariableMetricBuilder   75 - FCN =      -8647.059769 Edm =       2.045643679 NCalls =   3734
Info in <Minuit2>: VariableMetricBuilder   76 - FCN =      -8649.206308 Edm =       1.510728958 NCalls =   3774
Info in <Minuit2>: VariableMetricBuilder   77 - FCN =      -8651.499484 Edm =       2.111446224 NCalls =   3816
Info in <Minuit2>: VariableMetricBuilder   78 - FCN =      -8653.073945 Edm =      0.2480963146 NCalls =   3859
Info in <Minuit2>: VariableMetricBuilder   79 - FCN =      -8653.442018 Edm =     0.07420161439 NCalls =   3899
Info in <Minuit2>: VariableMetricBuilder   80 - FCN =      -8653.509927 Edm =     0.03158986673 NCalls =   3937
Info in <Minuit2>: VariableMetricBuilder   81 - FCN =      -8653.571164 Edm =     0.02651693605 NCalls =   3975
Info in <Minuit2>: VariableMetricBuilder   82 - FCN =      -8653.661427 Edm =     0.02602925488 NCalls =   4015
Info in <Minuit2>: VariableMetricBuilder   83 - FCN =      -8653.978854 Edm =      0.2915976031 NCalls =   4057
Info in <Minuit2>: VariableMetricBuilder   84 - FCN =      -8654.060925 Edm =      0.1591389723 NCalls =   4098
Info in <Minuit2>: VariableMetricBuilder   85 - FCN =       -8654.73431 Edm =       1.543869727 NCalls =   4141
Info in <Minuit2>: VariableMetricBuilder   86 - FCN =      -8656.868339 Edm =       2.846009182 NCalls =   4201
Info in <Minuit2>: VariableMetricBuilder   87 - FCN =      -8657.067229 Edm =       1.132603161 NCalls =   4243
Info in <Minuit2>: VariableMetricBuilder   88 - FCN =      -8659.558465 Edm =       6.901705757 NCalls =   4291
Info in <Minuit2>: VariableMetricBuilder   89 - FCN =      -8660.261122 Edm =      0.6229264511 NCalls =   4337
Info in <Minuit2>: VariableMetricBuilder   90 - FCN =      -8660.844211 Edm =       4.326658896 NCalls =   4380
Info in <Minuit2>: VariableMetricBuilder   91 - FCN =      -8666.535501 Edm =        8.87546436 NCalls =   4427
Info in <Minuit2>: VariableMetricBuilder   92 - FCN =      -8670.902817 Edm =       6.548033729 NCalls =   4476
Info in <Minuit2>: VariableMetricBuilder   93 - FCN =       -8672.37219 Edm =       1.447513747 NCalls =   4519
Info in <Minuit2>: VariableMetricBuilder   94 - FCN =      -8672.656991 Edm =      0.2014796779 NCalls =   4556
Info in <Minuit2>: VariableMetricBuilder   95 - FCN =      -8680.061878 Edm =       4.545763759 NCalls =   4605
