
[1mRooFit v3.60 -- Developed by Wouter Verkerke and David Kirkby[0m 
                Copyright (C) 2000-2013 NIKHEF, University of California & Stanford University
                All rights reserved, please read http://roofit.sourceforge.net/license.txt

Error in <TUnixSystem::FindDynamicLibrary>: ../utils/func_roofit/libRooGaussDoubleSidedExp[.so | .dll | .dylib | .sl | .dl | .a] does not exist in /cvmfs/sw.el7/gcc63/root/6.24.06/b01/lib64:/cvmfs/sw.el7/gcc63/root/6.24.06/b01/lib:/cvmfs/sw.el7/gcc63/pythia/8.2.40/b02/lib:/cvmfs/sw.el7/gcc/6.3/lib64:/cvmfs/sw.el7/gcc/6.3/lib:/cvmfs/sw.el7/gcc/6.3/libexec/gcc/x86_64-unknown-linux-gnu/6.3.1:.:/cvmfs/sw.el7/gcc63/root/6.24.06/b01/lib:/lib64/tls/x86_64:/lib64/tls:/lib64/x86_64:/lib64:/usr/lib64/tls/x86_64:/usr/lib64/tls:/usr/lib64/x86_64:/usr/lib64:/cvmfs/sw.el7/gcc63/root/6.24.06/b01/python/lib:/cvmfs/sw.el7/gcc63/root/6.24.06
start function declaration
mc file name: /lstore/cms/boletti/Run2-BdToKstarMuMu/2018MC_LMNR_newphi_punzi_removeTkMu_fixBkg_B0Psicut_addxcutvariable.root
data file name: /lstore/cms/boletti/Run2-BdToKstarMuMu/2018data_newphi_punzi_removeTkMu_fixBkg_B0Psicut_addxcutvariable.root
reading data...
[#0] ERROR:InputArguments -- Didn't find a branch in Tree 'ntuple' to read variable 'weight' from.
	Note: Name the RooFit variable the same as the branch.
it worked :)
reading monte carlo...
dimuon selection:  rejectPsi
now fitting:  0  for  correctTag  
fitting the mc...
 **********
 **    1 **SET PRINT           1
 **********
 **********
 **    2 **SET NOGRAD
 **********
 PARAMETER DEFINITIONS:
    NO.   NAME         VALUE      STEP SIZE      LIMITS
     1 #alpha_{RT1}^{0}   5.00000e-01  2.50000e-01    0.00000e+00  1.00000e+01
     2 #alpha_{RT2}^{0}   2.50000e+00  1.00000e+00    0.00000e+00  1.00000e+01
     3 #sigma_{RT1}^{0}   3.00000e-02  1.50000e-02    0.00000e+00  1.00000e+00
     4 mean_{RT}^{0}   5.27958e+00  2.00000e-02    5.20000e+00  5.40000e+00
     5 n_{RT1}^{0}   1.00000e+00  4.95000e-01    1.00000e-02  2.00000e+01
     6 n_{RT2}^{0}   1.00000e+00  4.95000e-01    1.00000e-02  1.00000e+02
 **********
 **    3 **SET ERR         0.5
 **********
 **********
 **    4 **SET PRINT           1
 **********
 **********
 **    5 **SET STR           1
 **********
 NOW USING STRATEGY  1: TRY TO BALANCE SPEED AGAINST RELIABILITY
 **********
 **    6 **MIGRAD        3000           1
 **********
 FIRST CALL TO USER FUNCTION AT NEW START POINT, WITH IFLAG=4.
 START MIGRAD MINIMIZATION.  STRATEGY  1.  CONVERGENCE WHEN EDM .LT. 1.00e-03
 FCN=-124212 FROM MIGRAD    STATUS=INITIATE       24 CALLS          25 TOTAL
                     EDM= unknown      STRATEGY= 1      NO ERROR MATRIX       
  EXT PARAMETER               CURRENT GUESS       STEP         FIRST   
  NO.   NAME      VALUE            ERROR          SIZE      DERIVATIVE 
   1  #alpha_{RT1}^{0}   5.00000e-01   2.50000e-01   1.18625e-01  -1.08727e+05
   2  #alpha_{RT2}^{0}   2.50000e+00   1.00000e+00   2.35352e-01   1.75364e+04
   3  #sigma_{RT1}^{0}   3.00000e-02   1.50000e-02   9.09734e-02  -5.19606e+04
   4  mean_{RT}^{0}   5.27958e+00   2.00000e-02   2.05952e-01  -6.41547e+04
   5  n_{RT1}^{0}   1.00000e+00   4.95000e-01   1.18032e-01  -6.62305e+04
   6  n_{RT2}^{0}   1.00000e+00   4.95000e-01   5.17524e-02   9.35757e+03
                               ERR DEF= 0.5
 MIGRAD MINIMIZATION HAS CONVERGED.
 MIGRAD WILL VERIFY CONVERGENCE AND ERROR MATRIX.
 COVARIANCE MATRIX CALCULATED SUCCESSFULLY
 FCN=-154112 FROM MIGRAD    STATUS=CONVERGED     345 CALLS         346 TOTAL
                     EDM=3.32551e-05    STRATEGY= 1      ERROR MATRIX ACCURATE 
  EXT PARAMETER                                   STEP         FIRST   
  NO.   NAME      VALUE            ERROR          SIZE      DERIVATIVE 
   1  #alpha_{RT1}^{0}   1.21723e+00   2.31395e-02   5.24501e-04   4.70354e-01
   2  #alpha_{RT2}^{0}   1.28523e+00   2.38299e-02   6.25649e-04  -6.83870e-01
   3  #sigma_{RT1}^{0}   3.07743e-02   2.54991e-04   1.64304e-04   3.40543e+00
   4  mean_{RT}^{0}   5.27969e+00   1.66380e-04   3.56416e-04  -5.63247e-01
   5  n_{RT1}^{0}   3.94134e+00   1.77759e-01   2.29372e-03   3.04456e-01
   6  n_{RT2}^{0}   9.23748e+00   7.13188e-01   3.09477e-03   2.49301e-02
                               ERR DEF= 0.5
 EXTERNAL ERROR MATRIX.    NDIM=  25    NPAR=  6    ERR DEF=0.5
  5.354e-04  2.599e-04  4.331e-06 -1.707e-06 -3.620e-03 -2.980e-03 
  2.599e-04  5.679e-04  4.313e-06  5.208e-07 -1.144e-03 -1.361e-02 
  4.331e-06  4.313e-06  6.502e-08 -8.890e-09 -2.074e-05 -5.642e-05 
 -1.707e-06  5.208e-07 -8.890e-09  2.768e-08  1.111e-05 -2.156e-05 
 -3.620e-03 -1.144e-03 -2.074e-05  1.111e-05  3.160e-02  1.155e-02 
 -2.980e-03 -1.361e-02 -5.642e-05 -2.156e-05  1.155e-02  5.087e-01 
 PARAMETER  CORRELATION COEFFICIENTS  
       NO.  GLOBAL      1      2      3      4      5      6
        1  0.96190   1.000  0.471  0.734 -0.443 -0.880 -0.181
        2  0.94601   0.471  1.000  0.710  0.131 -0.270 -0.801
        3  0.91186   0.734  0.710  1.000 -0.210 -0.457 -0.310
        4  0.63349  -0.443  0.131 -0.210  1.000  0.376 -0.182
        5  0.92577  -0.880 -0.270 -0.457  0.376  1.000  0.091
        6  0.88598  -0.181 -0.801 -0.310 -0.182  0.091  1.000
 **********
 **    7 **SET ERR         0.5
 **********
 **********
 **    8 **SET PRINT           1
 **********
 **********
 **    9 **HESSE        3000
 **********
 COVARIANCE MATRIX CALCULATED SUCCESSFULLY
 FCN=-154112 FROM HESSE     STATUS=OK             40 CALLS         386 TOTAL
                     EDM=3.42575e-05    STRATEGY= 1      ERROR MATRIX ACCURATE 
  EXT PARAMETER                                INTERNAL      INTERNAL  
  NO.   NAME      VALUE            ERROR       STEP SIZE       VALUE   
   1  #alpha_{RT1}^{0}   1.21723e+00   2.38059e-02   2.09800e-05  -8.58028e-01
   2  #alpha_{RT2}^{0}   1.28523e+00   2.47121e-02   2.50260e-05  -8.37474e-01
   3  #sigma_{RT1}^{0}   3.07743e-02   2.59927e-04   3.28609e-05  -1.21812e+00
   4  mean_{RT}^{0}   5.27969e+00   1.67372e-04   7.12831e-05  -2.04485e-01
   5  n_{RT1}^{0}   3.94134e+00   1.82374e-01   9.17488e-05  -6.51864e-01
   6  n_{RT2}^{0}   9.23748e+00   7.38698e-01   1.23791e-04  -9.53475e-01
                               ERR DEF= 0.5
 EXTERNAL ERROR MATRIX.    NDIM=  25    NPAR=  6    ERR DEF=0.5
  5.667e-04  2.829e-04  4.590e-06 -1.778e-06 -3.845e-03 -3.463e-03 
  2.829e-04  6.107e-04  4.599e-06  5.353e-07 -1.278e-03 -1.485e-02 
  4.590e-06  4.599e-06  6.756e-08 -9.250e-09 -2.247e-05 -6.358e-05 
 -1.778e-06  5.353e-07 -9.250e-09  2.801e-08  1.169e-05 -2.276e-05 
 -3.845e-03 -1.278e-03 -2.247e-05  1.169e-05  3.327e-02  1.400e-02 
 -3.463e-03 -1.485e-02 -6.358e-05 -2.276e-05  1.400e-02  5.458e-01 
 PARAMETER  CORRELATION COEFFICIENTS  
       NO.  GLOBAL      1      2      3      4      5      6
        1  0.96404   1.000  0.481  0.742 -0.446 -0.886 -0.197
        2  0.94991   0.481  1.000  0.716  0.129 -0.284 -0.813
        3  0.91533   0.742  0.716  1.000 -0.213 -0.474 -0.331
        4  0.63906  -0.446  0.129 -0.213  1.000  0.383 -0.184
        5  0.92962  -0.886 -0.284 -0.474  0.383  1.000  0.104
        6  0.89417  -0.197 -0.813 -0.331 -0.184  0.104  1.000
fit status:  0 3
doublecb_RT0  -----> plotting  
Info in <TCanvas::MakeDefCanvas>:  created default TCanvas with name c1
setting nRT to  92305.0
Info in <TCanvas::Print>: pdf file fit_results_mass_checkOnMC/newbdt_puw/save_fit_mc_0_2018_RT_newSigmaFRT_asInANv8.pdf has been created
now fitting:  0  for   wrongTag
fitting the mc...
 **********
 **   10 **SET PRINT           1
 **********
 **********
 **   11 **SET NOGRAD
 **********
 PARAMETER DEFINITIONS:
    NO.   NAME         VALUE      STEP SIZE      LIMITS
     1 #alpha_{WT1}^{0}   5.00000e-01  2.50000e-01    0.00000e+00  1.00000e+01
     2 #alpha_{WT2}^{0}   2.50000e+00  1.00000e+00    0.00000e+00  1.00000e+01
     3 #sigma_{WT1}^{0}   3.00000e-02  1.50000e-02    0.00000e+00  1.00000e+00
     4 mean_{WT}^{0}   5.27958e+00  1.00000e-01    5.00000e+00  6.00000e+00
     5 n_{WT1}^{0}   1.00000e+00  4.95000e-01    1.00000e-02  1.00000e+02
     6 n_{WT2}^{0}   1.00000e+00  4.95000e-01    1.00000e-02  1.00000e+02
 **********
 **   12 **SET ERR         0.5
 **********
 **********
 **   13 **SET PRINT           1
 **********
 **********
 **   14 **SET STR           1
 **********
 NOW USING STRATEGY  1: TRY TO BALANCE SPEED AGAINST RELIABILITY
 **********
 **   15 **MIGRAD        3000           1
 **********
 FIRST CALL TO USER FUNCTION AT NEW START POINT, WITH IFLAG=4.
 START MIGRAD MINIMIZATION.  STRATEGY  1.  CONVERGENCE WHEN EDM .LT. 1.00e-03
 FCN=-11057.2 FROM MIGRAD    STATUS=INITIATE       24 CALLS          25 TOTAL
                     EDM= unknown      STRATEGY= 1      NO ERROR MATRIX       
  EXT PARAMETER               CURRENT GUESS       STEP         FIRST   
  NO.   NAME      VALUE            ERROR          SIZE      DERIVATIVE 
   1  #alpha_{WT1}^{0}   5.00000e-01   2.50000e-01   1.18625e-01  -9.36579e+03
   2  #alpha_{WT2}^{0}   2.50000e+00   1.00000e+00   2.35352e-01   6.52576e+03
   3  #sigma_{WT1}^{0}   3.00000e-02   1.50000e-02   9.09734e-02  -1.70775e+04
   4  mean_{WT}^{0}   5.27958e+00   1.00000e-01   2.26180e-01  -2.90662e+04
   5  n_{WT1}^{0}   1.00000e+00   4.95000e-01   5.17524e-02  -1.87040e+04
   6  n_{WT2}^{0}   1.00000e+00   4.95000e-01   5.17524e-02   4.96395e+03
                               ERR DEF= 0.5
 MIGRAD MINIMIZATION HAS CONVERGED.
 MIGRAD WILL VERIFY CONVERGENCE AND ERROR MATRIX.
 COVARIANCE MATRIX CALCULATED SUCCESSFULLY
 FCN=-13820.2 FROM MIGRAD    STATUS=CONVERGED     415 CALLS         416 TOTAL
                     EDM=1.65394e-05    STRATEGY= 1      ERROR MATRIX ACCURATE 
  EXT PARAMETER                                   STEP         FIRST   
  NO.   NAME      VALUE            ERROR          SIZE      DERIVATIVE 
   1  #alpha_{WT1}^{0}   7.06155e-01   4.53584e-02   2.94481e-04  -1.23000e-01
   2  #alpha_{WT2}^{0}   1.17298e+00   7.71351e-02   4.82197e-04  -4.07470e-01
   3  #sigma_{WT1}^{0}   4.61227e-02   1.73096e-03   1.72571e-04   9.70511e-01
   4  mean_{WT}^{0}   5.27008e+00   1.03733e-03   1.11747e-04   8.83280e-01
   5  n_{WT1}^{0}   1.07172e+01   3.07038e+00   2.92323e-03   1.13092e-02
   6  n_{WT2}^{0}   1.00085e+01   2.43729e+00   2.89485e-03  -7.17164e-02
                               ERR DEF= 0.5
 EXTERNAL ERROR MATRIX.    NDIM=  25    NPAR=  6    ERR DEF=0.5
  2.058e-03  2.216e-03  6.443e-05 -3.298e-05 -1.077e-01 -2.852e-02 
  2.216e-03  5.951e-03  1.093e-04 -1.952e-05 -5.497e-02 -1.452e-01 
  6.443e-05  1.093e-04  2.996e-06 -1.011e-06 -1.825e-03 -1.569e-03 
 -3.298e-05 -1.952e-05 -1.011e-06  1.076e-06  1.527e-03 -7.537e-05 
 -1.077e-01 -5.497e-02 -1.825e-03  1.527e-03  9.458e+00  5.126e-01 
 -2.852e-02 -1.452e-01 -1.569e-03 -7.537e-05  5.126e-01  5.954e+00 
 PARAMETER  CORRELATION COEFFICIENTS  
       NO.  GLOBAL      1      2      3      4      5      6
        1  0.97885   1.000  0.633  0.821 -0.701 -0.772 -0.258
        2  0.96876   0.633  1.000  0.819 -0.244 -0.232 -0.772
        3  0.96630   0.821  0.819  1.000 -0.563 -0.343 -0.372
        4  0.80826  -0.701 -0.244 -0.563  1.000  0.479 -0.030
        5  0.93073  -0.772 -0.232 -0.343  0.479  1.000  0.068
        6  0.90119  -0.258 -0.772 -0.372 -0.030  0.068  1.000
 **********
 **   16 **SET ERR         0.5
 **********
 **********
 **   17 **SET PRINT           1
 **********
 **********
 **   18 **HESSE        3000
 **********
 COVARIANCE MATRIX CALCULATED SUCCESSFULLY
 FCN=-13820.2 FROM HESSE     STATUS=OK             40 CALLS         456 TOTAL
                     EDM=1.70098e-05    STRATEGY= 1      ERROR MATRIX ACCURATE 
  EXT PARAMETER                                INTERNAL      INTERNAL  
  NO.   NAME      VALUE            ERROR       STEP SIZE       VALUE   
   1  #alpha_{WT1}^{0}   7.06155e-01   4.65894e-02   5.88962e-05  -1.03286e+00
   2  #alpha_{WT2}^{0}   1.17298e+00   7.99454e-02   9.64395e-05  -8.71670e-01
   3  #sigma_{WT1}^{0}   4.61227e-02   1.76520e-03   3.45142e-05  -1.13790e+00
   4  mean_{WT}^{0}   5.27008e+00   1.04578e-03   2.23493e-05  -4.77805e-01
   5  n_{WT1}^{0}   1.07172e+01   3.15825e+00   1.16929e-04  -9.04044e-01
   6  n_{WT2}^{0}   1.00085e+01   2.52430e+00   1.15794e-04  -9.27313e-01
                               ERR DEF= 0.5
 EXTERNAL ERROR MATRIX.    NDIM=  25    NPAR=  6    ERR DEF=0.5
  2.171e-03  2.371e-03  6.757e-05 -3.428e-05 -1.148e-01 -3.236e-02 
  2.371e-03  6.393e-03  1.162e-04 -2.058e-05 -6.034e-02 -1.587e-01 
  6.757e-05  1.162e-04  3.116e-06 -1.041e-06 -1.964e-03 -1.759e-03 
 -3.428e-05 -2.058e-05 -1.041e-06  1.094e-06  1.620e-03 -5.932e-05 
 -1.148e-01 -6.034e-02 -1.964e-03  1.620e-03  1.001e+01  6.100e-01 
 -3.236e-02 -1.587e-01 -1.759e-03 -5.932e-05  6.100e-01  6.387e+00 
 PARAMETER  CORRELATION COEFFICIENTS  
       NO.  GLOBAL      1      2      3      4      5      6
        1  0.97997   1.000  0.636  0.822 -0.704 -0.779 -0.275
        2  0.97096   0.636  1.000  0.823 -0.246 -0.239 -0.786
        3  0.96762   0.822  0.823  1.000 -0.564 -0.352 -0.394
        4  0.81171  -0.704 -0.246 -0.564  1.000  0.490 -0.022
        5  0.93467  -0.779 -0.239 -0.352  0.490  1.000  0.076
        6  0.90823  -0.275 -0.786 -0.394 -0.022  0.076  1.000
Info in <TCanvas::Print>: pdf file fit_results_mass_checkOnMC/newbdt_puw/save_fit_mc_0_2018_WT_newSigmaFRT_asInANv8.pdf has been created
fit status:  0 3
doublecb_0  -----> plotting  
setting nWT to  12519.0
mistag fraction on MC for bin  0  :  0.119428756773 +/- 0.269152750946
constraining var #sigma_{RT1}^{0} :  0.0307743050999  with uncertainty  0.000259926880192
constraining var #alpha_{RT1}^{0} :  1.2172273061  with uncertainty  0.023805901674
constraining var n_{RT1}^{0} :  3.94133908057  with uncertainty  0.182374470065
constraining var #sigma_{WT1}^{0} :  0.0461226616583  with uncertainty  0.00176519765775
constraining var #alpha_{WT1}^{0} :  0.706155420291  with uncertainty  0.0465894428934
constraining var #alpha_{WT2}^{0} :  1.17297608777  with uncertainty  0.079945364585
constraining var n_{WT1}^{0} :  10.717229319  with uncertainty  3.15825085853
constraining var n_{WT2}^{0} :  10.0084523707  with uncertainty  2.52429661864
constraining var #alpha_{RT2}^{0} :  1.28522710684  with uncertainty  0.0247121145597
constraining var n_{RT2}^{0} :  9.23747615353  with uncertainty  0.738697616361
nsig is
104824.0
here
total pdf created
Minuit2Minimizer: Minimize with max-calls 7500 convergence for edm < 1 strategy 2
Info in <Minuit2>: MnSeedGenerator Initial state: FCN =       96571.57507 Edm =       101093.7249 NCalls =     47
Info in <Minuit2>: MnSeedGenerator Negative G2 found - new state: 
  Minimum value : 68878.97174
  Edm           : 79761.7139
  Internal parameters:
     -1.223671994
    -0.8374737664
     -1.032862055
    -0.8716700799
     -1.218119267
     -1.137900314
     -1.506031939
    -0.8650728059
     -1.799097461
     -1.616764022
    -0.9534751415
    -0.9040435291
    -0.9273134744
     -1.485490177
      1.596938691
  Internal gradient  :
 -3.389251155e+10
      -1603.97978
    0.02752488154
     0.0195315621
      16267.80657
    0.03553561343
      2309887.172
    0.01927175384
     -1604.603428
     -16359.13774
     -160.5267285
      0.020864942
    0.02189518507
      8162.017637
      8.633715292
  Internal covariance matrix:
  1.7215963e-17              0              0              0              0              0              0              0              0              0              0              0              0              0              0
              0  4.8081746e-05              0              0              0              0              0              0              0              0              0              0              0              0              0
              0              0  0.00066146609              0              0              0              0              0              0              0              0              0              0              0              0
              0              0              0   0.0012345621              0              0              0              0              0              0              0              0              0              0              0
              0              0              0              0   3.953966e-06              0              0              0              0              0              0              0              0              0              0
              0              0              0              0              0  0.00014164751              0              0              0              0              0              0              0              0              0
              0              0              0              0              0              0  5.5139341e-08              0              0              0              0              0              0              0              0
              0              0              0              0              0              0              0   0.0042789653              0              0              0              0              0              0              0
              0              0              0              0              0              0              0              0  0.00030011944              0              0              0              0              0              0
              0              0              0              0              0              0              0              0              0  6.6743015e-06              0              0              0              0              0
              0              0              0              0              0              0              0              0              0              0  0.00073436694              0              0              0              0
              0              0              0              0              0              0              0              0              0              0              0    0.020867384              0              0              0
              0              0              0              0              0              0              0              0              0              0              0              0    0.014163319              0              0
              0              0              0              0              0              0              0              0              0              0              0              0              0   1.984677e-05              0
              0              0              0              0              0              0              0              0              0              0              0              0              0              0   0.0060535925
Info in <Minuit2>: MnSeedGenerator run Hesse - new state: 
  Minimum value : 68878.97174
  Edm           : 75717.80101
  Internal parameters:
     -1.223671994
    -0.8374737664
     -1.032862055
    -0.8716700799
     -1.218119267
     -1.137900314
     -1.506031939
    -0.8650728059
     -1.799097461
     -1.616764022
    -0.9534751415
    -0.9040435291
    -0.9273134744
     -1.485490177
      1.596938691
  Internal gradient  :
      3229.355121
     -1603.966617
  1.931654601e-06
  3.126797194e-05
      16267.77445
  2.385287566e-06
      2309887.174
  1.301958329e-06
     -1604.607011
     -16359.18399
     -160.5193386
  3.338909223e-05
  2.981760354e-07
      8162.018297
       8.63347912
  Internal covariance matrix:
  1.7215965e-17  1.7457235e-19 -4.3079697e-23 -2.6133171e-29 -3.8785321e-19  1.9937127e-23 -2.7186318e-20 -2.7006913e-26 -1.0342926e-18  1.1944771e-18 -6.5224376e-20 -1.0744091e-28  -8.851527e-29  7.4785993e-21  4.1916024e-22
  1.7457235e-19  5.3093289e-05 -7.5479728e-14 -2.4507672e-15  2.2568061e-06 -3.7311679e-14  8.5369169e-08  -1.095164e-13 -1.5217359e-06 -1.3015074e-07  -4.958671e-05 -1.0075802e-14 -8.3009566e-15  7.0134267e-07  9.1921852e-08
 -4.3079697e-23 -7.5479728e-14  0.00066146609 -4.0037829e-13 -3.4836371e-14  1.4245132e-22  3.9742683e-15 -7.4538979e-13  2.5320184e-13  3.7530379e-14 -2.8852449e-13 -1.6460692e-12 -1.3561153e-12 -3.5669758e-15  8.8827596e-13
 -2.6133171e-29 -2.4507672e-15 -4.0037829e-13   0.0012345621  4.6529504e-16 -1.8527687e-13 -9.1783784e-18  1.3317011e-21 -1.1638474e-15 -4.8104235e-17 -1.1335341e-14  2.9929125e-21  2.4657131e-21 -6.9621716e-14  5.2554094e-14
 -3.8785321e-19  2.2568061e-06 -3.4836371e-14  4.6529504e-16  4.2211256e-06 -1.1213502e-14 -7.6206562e-08  1.2778102e-14 -1.7195376e-06 -1.0571088e-07    4.38457e-06  1.9129605e-15  1.5759938e-15 -1.3315473e-07 -2.1191713e-08
  1.9937127e-23 -3.7311679e-14  1.4245132e-22 -1.8527687e-13 -1.1213502e-14  0.00014164751 -1.5746286e-15  -3.449325e-13 -1.0260504e-13 -1.6546732e-14 -1.2869139e-13 -7.6172597e-13 -6.2754847e-13  1.0138602e-17 -4.1109409e-13
 -2.7186318e-20  8.5369169e-08  3.9742683e-15 -9.1783784e-18 -7.6206562e-08 -1.5746286e-15  5.9187324e-08 -2.2975418e-15  5.4628069e-07  1.0344942e-07  1.9313269e-08 -3.7734928e-17 -3.1087947e-17  2.6266011e-09  1.7535942e-10
 -2.7006913e-26  -1.095164e-13 -7.4538979e-13  1.3317011e-21  1.2778102e-14  -3.449325e-13 -2.2975418e-15   0.0042789653 -6.5587109e-14 -1.5450251e-13  1.7078638e-12  5.4750024e-21  4.5105845e-21 -1.2286775e-13  9.7854589e-14
 -1.0342926e-18 -1.5217359e-06  2.5320184e-13 -1.1638474e-15 -1.7195376e-06 -1.0260504e-13  5.4628069e-07 -6.5587109e-14  0.00030575723  2.0342644e-06 -8.1592973e-06  -4.784908e-15 -3.9420498e-15  3.3306132e-07  7.8768327e-08
  1.1944771e-18 -1.3015074e-07  3.7530379e-14 -4.8104235e-17 -1.0571088e-07 -1.6546732e-14  1.0344942e-07 -1.5450251e-13  2.0342644e-06  6.8611977e-06 -1.7330724e-07 -1.9777021e-16 -1.6293313e-16  1.3766118e-08  2.6386473e-09
 -6.5224376e-20  -4.958671e-05 -2.8852449e-13 -1.1335341e-14    4.38457e-06 -1.2869139e-13  1.9313269e-08  1.7078638e-12 -8.1592973e-06 -1.7330724e-07  0.00079295761 -4.6602817e-14 -3.8393763e-14  3.2438652e-06  3.3622048e-08
 -1.0744091e-28 -1.0075802e-14 -1.6460692e-12  2.9929125e-21  1.9129605e-15 -7.6172597e-13 -3.7734928e-17  5.4750024e-21  -4.784908e-15 -1.9777021e-16 -4.6602817e-14    0.020867384  1.0137249e-20  -2.862347e-13  2.1606485e-13
  -8.851527e-29 -8.3009566e-15 -1.3561153e-12  2.4657131e-21  1.5759938e-15 -6.2754847e-13 -3.1087947e-17  4.5105845e-21 -3.9420498e-15 -1.6293313e-16 -3.8393763e-14  1.0137249e-20    0.014163319 -2.3581466e-13  1.7800518e-13
  7.4785993e-21  7.0134267e-07 -3.5669758e-15 -6.9621716e-14 -1.3315473e-07  1.0138602e-17  2.6266011e-09 -1.2286775e-13  3.3306132e-07  1.3766118e-08  3.2438652e-06  -2.862347e-13 -2.3581466e-13  1.9923834e-05 -1.5039547e-05
  4.1916024e-22  9.1921852e-08  8.8827596e-13  5.2554094e-14 -2.1191713e-08 -4.1109409e-13  1.7535942e-10  9.7854589e-14  7.8768327e-08  2.6386473e-09  3.3622048e-08  2.1606485e-13  1.7800518e-13 -1.5039547e-05   0.0060649731
Info in <Minuit2>: VariableMetricBuilder Start iterating until Edm is < 0.001 with call limit = 7500
Info in <Minuit2>: VariableMetricBuilder    0 - FCN =       68878.97174 Edm =       75717.80101 NCalls =    581
Info in <Minuit2>: VariableMetricBuilder    1 - FCN =      -2184.458121 Edm =       41934.99661 NCalls =    629
Info in <Minuit2>: VariableMetricBuilder    2 - FCN =      -3202.562649 Edm =       79.40038258 NCalls =    685
Info in <Minuit2>: VariableMetricBuilder    3 - FCN =      -3271.197413 Edm =       447.1645681 NCalls =    731
Info in <Minuit2>: VariableMetricBuilder    4 - FCN =      -3305.169909 Edm =       56.60583344 NCalls =    776
Info in <Minuit2>: VariableMetricBuilder    5 - FCN =      -3470.560685 Edm =       269.9496925 NCalls =    827
Info in <Minuit2>: VariableMetricBuilder    6 - FCN =      -3475.462823 Edm =       60.00048499 NCalls =    876
Info in <Minuit2>: VariableMetricBuilder    7 - FCN =      -3595.729438 Edm =       57.57212134 NCalls =    925
Info in <Minuit2>: VariableMetricBuilder    8 - FCN =      -3699.886336 Edm =       5.451244189 NCalls =    972
Info in <Minuit2>: VariableMetricBuilder    9 - FCN =      -3707.730933 Edm =        13.4263421 NCalls =   1016
Info in <Minuit2>: VariableMetricBuilder   10 - FCN =      -3707.952152 Edm =       1.963848399 NCalls =   1057
Info in <Minuit2>: VariableMetricBuilder   11 - FCN =      -3711.008742 Edm =       2.340730967 NCalls =   1099
Info in <Minuit2>: VariableMetricBuilder   12 - FCN =      -3711.507385 Edm =       1.338800634 NCalls =   1140
Info in <Minuit2>: VariableMetricBuilder   13 - FCN =      -3718.317733 Edm =       4.681716146 NCalls =   1188
Info in <Minuit2>: VariableMetricBuilder   14 - FCN =      -3724.206319 Edm =       10.89710963 NCalls =   1235
Info in <Minuit2>: VariableMetricBuilder   15 - FCN =      -3766.271393 Edm =       29.60257748 NCalls =   1282
Info in <Minuit2>: VariableMetricBuilder   16 - FCN =      -3769.005934 Edm =       4.681432686 NCalls =   1325
Info in <Minuit2>: VariableMetricBuilder   17 - FCN =      -3800.771169 Edm =       21.98927876 NCalls =   1370
Info in <Minuit2>: VariableMetricBuilder   18 - FCN =      -3898.868175 Edm =       43.41621637 NCalls =   1416
Info in <Minuit2>: VariableMetricBuilder   19 - FCN =      -3980.011484 Edm =       8.996754345 NCalls =   1461
Info in <Minuit2>: VariableMetricBuilder   20 - FCN =      -3989.768062 Edm =       2.443482439 NCalls =   1503
Info in <Minuit2>: VariableMetricBuilder   21 - FCN =      -3990.927675 Edm =        5.06067292 NCalls =   1543
Info in <Minuit2>: VariableMetricBuilder   22 - FCN =      -3991.012787 Edm =      0.0920577069 NCalls =   1584
Info in <Minuit2>: VariableMetricBuilder   23 - FCN =      -3991.112971 Edm =       0.325416753 NCalls =   1624
Minuit2:0: RuntimeWarning: VariableMetricBuilder No improvement in line search
Info in <Minuit2>: VariableMetricBuilder   24 - FCN =      -3991.112971 Edm =       0.325416753 NCalls =   1635
Minuit2:0: RuntimeWarning: VariableMetricBuilder Iterations finish without convergence; Edm 0.344122 Requested 0.001
Minuit2:0: RuntimeWarning: MnPosDef non-positive diagonal element in covariance matrix[ 14 ] = -2.22811
Minuit2:0: RuntimeWarning: MnPosDef Added to diagonal of Error matrix a value 2.72811
Info in <Minuit2>: VariableMetricBuilder After Hessian
Info in <Minuit2>: VariableMetricBuilder   25 - FCN =      -3991.112971 Edm =       1.969433548 NCalls =   1815
Info in <Minuit2>: VariableMetricBuilder Tolerance not sufficient, continue minimization; Edm 1.96943 Required 0.001
Info in <Minuit2>: VariableMetricBuilder   26 - FCN =       -3992.90875 Edm =        1.82751216 NCalls =   1857
Info in <Minuit2>: VariableMetricBuilder   27 - FCN =      -3992.942972 Edm =       14053.37338 NCalls =   1901
Info in <Minuit2>: VariableMetricBuilder   28 - FCN =      -3992.943625 Edm =      0.1104470971 NCalls =   1945
Info in <Minuit2>: VariableMetricBuilder   29 - FCN =      -3993.248285 Edm =        0.19697033 NCalls =   1987
Info in <Minuit2>: VariableMetricBuilder   30 - FCN =      -3996.047929 Edm =       4.241370788 NCalls =   2034
Info in <Minuit2>: VariableMetricBuilder   31 - FCN =      -3996.444932 Edm =      0.5431606606 NCalls =   2078
Info in <Minuit2>: VariableMetricBuilder   32 - FCN =      -4001.797567 Edm =       1.022324255 NCalls =   2126
Info in <Minuit2>: VariableMetricBuilder   33 - FCN =      -4002.774269 Edm =      0.6588234432 NCalls =   2168
Info in <Minuit2>: VariableMetricBuilder   34 - FCN =      -4003.001183 Edm =     0.01819012002 NCalls =   2210
Info in <Minuit2>: VariableMetricBuilder   35 - FCN =      -4003.019757 Edm =    0.008108536606 NCalls =   2250
Info in <Minuit2>: VariableMetricBuilder   36 - FCN =      -4003.020819 Edm =   0.0001229552569 NCalls =   2291
Info in <Minuit2>: VariableMetricBuilder After Hessian
Info in <Minuit2>: VariableMetricBuilder   37 - FCN =      -4003.020819 Edm =       33.91154964 NCalls =   2479
Info in <Minuit2>: VariableMetricBuilder Tolerance not sufficient, continue minimization; Edm 33.9115 Required 0.001
Info in <Minuit2>: VariableMetricBuilder   38 - FCN =      -4681.886087 Edm =       138.6958663 NCalls =   2523
Info in <Minuit2>: VariableMetricBuilder   39 - FCN =       -4682.95434 Edm =       55.28823015 NCalls =   2559
Info in <Minuit2>: VariableMetricBuilder   40 - FCN =      -4759.350444 Edm =       2.703419618 NCalls =   2593
Info in <Minuit2>: VariableMetricBuilder   41 - FCN =      -4762.155023 Edm =       2.030489619 NCalls =   2627
Info in <Minuit2>: VariableMetricBuilder   42 - FCN =      -4768.983886 Edm =       2.626343233 NCalls =   2670
Info in <Minuit2>: VariableMetricBuilder   43 - FCN =       -4770.16824 Edm =        3.70042066 NCalls =   2704
Info in <Minuit2>: VariableMetricBuilder   44 - FCN =      -4771.437121 Edm =     0.04533851731 NCalls =   2736
Info in <Minuit2>: VariableMetricBuilder   45 - FCN =      -4771.480828 Edm =   0.0006966091124 NCalls =   2767
Info in <Minuit2>: VariableMetricBuilder   46 - FCN =      -4771.481494 Edm =    6.83643596e-06 NCalls =   2798
Info in <Minuit2>: VariableMetricBuilder After Hessian
Info in <Minuit2>: VariableMetricBuilder   47 - FCN =      -4771.481494 Edm =   6.340382923e-06 NCalls =   2978
Minuit2Minimizer : Valid minimum - status = 0
FVAL  = -4771.48149434359948
Edm   = 6.3403829229677868e-06
Nfcn  = 2978
#alpha_{RT1}^{0}	  = 1.2125	 +/-  0.0237563	(limited)
#alpha_{RT2}^{0}	  = 1.2864	 +/-  0.0244853	(limited)
#alpha_{WT1}^{0}	  = 0.706154	 +/-  0.0465869	(limited)
#alpha_{WT2}^{0}	  = 1.17297	 +/-  0.0799372	(limited)
#sigma_{RT1}^{0}	  = 0.0307838	 +/-  0.000258201	(limited)
#sigma_{WT1}^{0}	  = 0.0461226	 +/-  0.00176518	(limited)
Yield	  = 453.582	 +/-  25.1881	(limited)
f_{M}^{0}	  = 0.119428	 +/-  0.0149947	(limited)
mean_{RT}^{0}	  = 5.27651	 +/-  0.00206276	(limited)
n_{RT1}^{0}	  = 3.9237	 +/-  0.182917	(limited)
n_{RT2}^{0}	  = 9.26638	 +/-  0.734611	(limited)
n_{WT1}^{0}	  = 10.7168	 +/-  3.15279	(limited)
n_{WT2}^{0}	  = 10.0081	 +/-  2.52133	(limited)
nbkg	  = 500.389	 +/-  40.1769	(limited)
slope	  = -6.23394	 +/-  0.602057	(limited)
Info in <Minuit2>: Minuit2Minimizer::Hesse Using max-calls 7500
Info in <Minuit2>: Minuit2Minimizer::Hesse Hesse is valid - matrix is accurate
fit with Hesse strategy 2 done, now Minos
Minuit2Minimizer: Minimize with max-calls 7500 convergence for edm < 1 strategy 2
Info in <Minuit2>: MnSeedGenerator Initial state: FCN =      -4771.481494 Edm =   5.701930881e-06 NCalls =     35
Info in <Minuit2>: MnSeedGenerator run Hesse - new state: 
  Minimum value : -4771.481494
  Edm           : 6.349094158e-06
  Internal parameters:
    -0.8594749732
    -0.8371237005
     -1.032862687
    -0.8716709177
     -1.218064483
     -1.137900489
     -1.566536829
    -0.8650756705
      -0.23706501
    -0.6540859692
    -0.9524770004
    -0.9040587552
      -0.92732432
     -1.510461481
    -0.6730755661
  Internal gradient  :
   -0.07508052566
     0.1130267325
  -0.001908437071
  -0.001355082397
    -0.3791840859
  -0.002464662399
      2.228188175
  -0.001336788034
    -0.1303126533
   -0.03165082222
    0.03073487534
  -0.001456891117
  -0.001528985387
    -0.3939614359
    0.01053276476
  Internal covariance matrix:
  0.00010592992  2.8707702e-07   1.022467e-13  2.0427648e-14  1.2842151e-07  4.8171114e-14 -1.3140558e-07 -2.6441205e-13 -1.5018783e-05 -8.0462266e-07  8.4825131e-07 -8.6469912e-14  6.8776482e-14  2.4110106e-06  2.9406706e-05
  2.8707702e-07  0.00010697536 -9.4177888e-14 -2.8528962e-13  1.7601954e-07  5.5581799e-14 -7.0536746e-08 -3.0508943e-13  1.7423938e-05  5.3072305e-07 -2.9601433e-06 -2.0733566e-14 -9.6052252e-13   7.337963e-08  7.5994955e-05
   1.022467e-13 -9.4177888e-14  0.00066147066  -3.608707e-13 -4.5194406e-14   3.619665e-22 -1.0103502e-15 -9.2119418e-22  2.7789055e-13  3.3181304e-13  3.9593702e-13    1.47143e-12 -1.2149914e-12 -5.1195974e-15  1.3563902e-12
  2.0427648e-14 -2.8528962e-13  -3.608707e-13   0.0012345662 -3.2640119e-14  -1.670443e-13 -2.6554386e-15 -9.1690898e-13  2.9531507e-14    4.56503e-14  2.0066489e-14 -3.7528131e-21  7.0290287e-21  6.1932232e-14 -3.1615595e-13
  1.2842151e-07  1.7601954e-07 -4.5194406e-14 -3.2640119e-14  4.4686254e-06   -6.50334e-16  1.8503569e-08  3.5696943e-15 -1.7507913e-06  1.1452814e-07    1.57705e-07   1.311401e-13 -1.0989383e-13 -2.0455272e-07 -1.0982799e-05
  4.8171114e-14  5.5581799e-14   3.619665e-22  -1.670443e-13   -6.50334e-16  0.00014164793 -4.4929286e-16   -6.90938e-22   1.367798e-13  1.5459719e-13  1.8126347e-13  6.8111377e-13 -5.6241029e-13 -3.2227831e-15  6.4833396e-13
 -1.3140558e-07 -7.0536746e-08 -1.0103502e-15 -2.6554386e-15  1.8503569e-08 -4.4929286e-16  2.7962057e-08   2.466176e-15 -2.5908269e-07 -2.7323031e-07 -1.5892724e-07  1.1608091e-14 -8.9404187e-15 -8.2600241e-08 -5.0682356e-06
 -2.6441205e-13 -3.0508943e-13 -9.2119418e-22 -9.1690898e-13  3.5696943e-15   -6.90938e-22   2.466176e-15   0.0042790116 -7.5078661e-13 -8.4858654e-13 -9.9495822e-13 -3.7386449e-12 -3.0870795e-12   1.768991e-14  -3.558716e-12
 -1.5018783e-05  1.7423938e-05  2.7789055e-13  2.9531507e-14 -1.7507913e-06   1.367798e-13 -2.5908269e-07 -7.5078661e-13  0.00090087513 -1.0662996e-05  1.6623635e-05 -3.1325838e-13  9.9427654e-14  9.4965088e-06 -0.00015352531
 -8.0462266e-07  5.3072305e-07  3.3181304e-13    4.56503e-14  1.1452814e-07  1.5459719e-13 -2.7323031e-07 -8.4858654e-13 -1.0662996e-05   0.0010637142  1.3274895e-06 -1.9201049e-13  1.5369694e-13  5.4464474e-06  2.2774133e-05
  8.4825131e-07 -2.9601433e-06  3.9593702e-13  2.0066489e-14    1.57705e-07  1.8126347e-13 -1.5892724e-07 -9.9495822e-13  1.6623635e-05  1.3274895e-06   0.0012853498 -4.9057594e-14  6.7560519e-14 -5.5736336e-08  0.00017937205
 -8.6469912e-14 -2.0733566e-14    1.47143e-12 -3.7528131e-21   1.311401e-13  6.8111377e-13  1.1608091e-14 -3.7386449e-12 -3.1325838e-13 -1.9201049e-13 -4.9057594e-14    0.020869063 -1.2635095e-20 -2.5333735e-13  4.4800832e-13
  6.8776482e-14 -9.6052252e-13 -1.2149914e-12  7.0290287e-21 -1.0989383e-13 -5.6241029e-13 -8.9404187e-15 -3.0870795e-12  9.9427654e-14  1.5369694e-13  6.7560519e-14 -1.2635095e-20    0.014164274  2.0851549e-13 -1.0644443e-12
  2.4110106e-06   7.337963e-08 -5.1195974e-15  6.1932232e-14 -2.0455272e-07 -3.2227831e-15 -8.2600241e-08   1.768991e-14  9.4965088e-06  5.4464474e-06 -5.5736336e-08 -2.5333735e-13  2.0851549e-13   1.176413e-05 -0.00013284676
  2.9406706e-05  7.5994955e-05  1.3563902e-12 -3.1615595e-13 -1.0982799e-05  6.4833396e-13 -5.0682356e-06  -3.558716e-12 -0.00015352531  2.2774133e-05  0.00017937205  4.4800832e-13 -1.0644443e-12 -0.00013284676    0.011904866
Info in <Minuit2>: VariableMetricBuilder Start iterating until Edm is < 0.001 with call limit = 7500
Info in <Minuit2>: VariableMetricBuilder    0 - FCN =      -4771.481494 Edm =   6.349094158e-06 NCalls =    215
Info in <Minuit2>: VariableMetricBuilder    1 - FCN =      -4771.481501 Edm =   1.842627793e-09 NCalls =    246
Info in <Minuit2>: VariableMetricBuilder After Hessian
Info in <Minuit2>: VariableMetricBuilder    2 - FCN =      -4771.481501 Edm =   2.077925049e-11 NCalls =    472
Minuit2Minimizer : Valid minimum - status = 0
FVAL  = -4771.4815006867002
Edm   = 2.07792504927690313e-11
Nfcn  = 472
#alpha_{RT1}^{0}	  = 1.21251	 +/-  0.0237554	(limited)
#alpha_{RT2}^{0}	  = 1.28638	 +/-  0.0244857	(limited)
#alpha_{WT1}^{0}	  = 0.706155	 +/-  0.0465869	(limited)
#alpha_{WT2}^{0}	  = 1.17298	 +/-  0.0799371	(limited)
#sigma_{RT1}^{0}	  = 0.0307839	 +/-  0.000258192	(limited)
#sigma_{WT1}^{0}	  = 0.0461227	 +/-  0.00176518	(limited)
Yield	  = 453.575	 +/-  25.182	(limited)
f_{M}^{0}	  = 0.119429	 +/-  0.0149947	(limited)
mean_{RT}^{0}	  = 5.27652	 +/-  0.00206278	(limited)
n_{RT1}^{0}	  = 3.92384	 +/-  0.182912	(limited)
n_{RT2}^{0}	  = 9.26583	 +/-  0.734615	(limited)
n_{WT1}^{0}	  = 10.7172	 +/-  3.15276	(limited)
n_{WT2}^{0}	  = 10.0085	 +/-  2.52132	(limited)
nbkg	  = 500.453	 +/-  40.2094	(limited)
slope	  = -6.23473	 +/-  0.602539	(limited)
Info in <Minuit2>: Minuit2Minimizer::Hesse Using max-calls 7500
Info in <Minuit2>: Minuit2Minimizer::Hesse Hesse is valid - matrix is accurate
******************************************************************************************************
Minuit2Minimizer::GetMinosError - Run MINOS LOWER error for parameter #0 : #alpha_{RT1}^{0} using max-calls 7500, tolerance 1
Info in <Minuit2>: MnMinos Determination of lower Minos error for parameter 0
Info in <Minuit2>: MnFunctionCross Run Migrad with fixed parameters:
  Pos 0: #alpha_{RT1}^{0} = 1.18876
Info in <Minuit2>: MnSeedGenerator Initial state: FCN =      -4770.981259 Edm =   2.677205877e-06 NCalls =     29
Info in <Minuit2>: VariableMetricBuilder Start iterating until Edm is < 0.0005 with call limit = 7500
Info in <Minuit2>: VariableMetricBuilder    0 - FCN =      -4770.981259 Edm =   2.677205877e-06 NCalls =     29
Info in <Minuit2>: VariableMetricBuilder    1 - FCN =      -4770.981261 Edm =   7.080887284e-10 NCalls =     59
Info in <Minuit2>: MnFunctionCross Result after Migrad FCN =      -4770.981261 Edm =   7.080887284e-10 NCalls =     59 
  Pos |    Name    |  type   |      Value       |    Error +/-
    0 | #alpha_{RT1}^{0} |  fixed  |      1.188755616 | 0.02375607814
    1 | #alpha_{RT2}^{0} | limited |      1.286313153 | 0.02448439417
    2 | #alpha_{WT1}^{0} | limited |     0.7061538046 | 0.04658619014
    3 | #alpha_{WT2}^{0} | limited |      1.172973397 | 0.07993675238
    4 | #sigma_{RT1}^{0} | limited |    0.03078235233 | 0.0002581971104
    5 | #sigma_{WT1}^{0} | limited |    0.04612262513 | 0.001765103893
    6 |      Yield | limited |      455.5362992 |  25.12252485
    7 |  f_{M}^{0} | limited |     0.1194278275 | 0.01499386302
    8 | mean_{RT}^{0} | limited |      5.276623518 | 0.002063649723
    9 | n_{RT1}^{0} | limited |      3.924310619 | 0.1828930466
   10 | n_{RT2}^{0} | limited |      9.264050348 | 0.7345393021
   11 | n_{WT1}^{0} | limited |      10.71675493 |  3.152361007
   12 | n_{WT2}^{0} | limited |      10.00812583 |   2.52115863
   13 |       nbkg | limited |      497.6488893 |  40.20882751
   14 |      slope | limited |     -6.250931738 | 0.5995397791
Info in <Minuit2>: MnMinos end of Minos scan for low interval for parameter #alpha_{RT1}^{0}
******************************************************************************************************
Minuit2Minimizer::GetMinosError - Run MINOS UPPER error for parameter #0 : #alpha_{RT1}^{0} using max-calls 7500, tolerance 1
Info in <Minuit2>: MnMinos Determination of upper Minos error for parameter 0
Info in <Minuit2>: MnFunctionCross Run Migrad with fixed parameters:
  Pos 0: #alpha_{RT1}^{0} = 1.23627
Info in <Minuit2>: MnSeedGenerator Initial state: FCN =      -4770.981228 Edm =   1.305917173e-05 NCalls =     29
Info in <Minuit2>: VariableMetricBuilder Start iterating until Edm is < 0.0005 with call limit = 7500
Info in <Minuit2>: VariableMetricBuilder    0 - FCN =      -4770.981228 Edm =   1.305917173e-05 NCalls =     29
Info in <Minuit2>: VariableMetricBuilder    1 - FCN =      -4770.981241 Edm =   6.324502332e-09 NCalls =     58
Info in <Minuit2>: MnFunctionCross Result after Migrad FCN =      -4770.981241 Edm =   6.324502332e-09 NCalls =     58 
  Pos |    Name    |  type   |      Value       |    Error +/-
    0 | #alpha_{RT1}^{0} |  fixed  |      1.236267773 | 0.02375607814
    1 | #alpha_{RT2}^{0} | limited |       1.28645166 | 0.02448627518
    2 | #alpha_{WT1}^{0} | limited |     0.7061538065 | 0.04658623691
    3 | #alpha_{WT2}^{0} | limited |      1.172973396 | 0.07993687167
    4 | #sigma_{RT1}^{0} | limited |    0.03078522059 | 0.0002581691224
    5 | #sigma_{WT1}^{0} | limited |     0.0461226252 | 0.001765104394
    6 |      Yield | limited |      451.6756765 |  25.04959377
    7 |  f_{M}^{0} | limited |      0.119427827 | 0.01499394875
    8 | mean_{RT}^{0} | limited |      5.276429843 | 0.002043244222
    9 | n_{RT1}^{0} | limited |      3.923421531 | 0.1829150004
   10 | n_{RT2}^{0} | limited |      9.267506173 | 0.7346814304
   11 | n_{WT1}^{0} | limited |      10.71675506 |  3.152599717
