
[1mRooFit v3.60 -- Developed by Wouter Verkerke and David Kirkby[0m 
                Copyright (C) 2000-2013 NIKHEF, University of California & Stanford University
                All rights reserved, please read http://roofit.sourceforge.net/license.txt

Error in <TUnixSystem::FindDynamicLibrary>: ../utils/func_roofit/libRooGaussDoubleSidedExp[.so | .dll | .dylib | .sl | .dl | .a] does not exist in /cvmfs/sw.el7/gcc63/root/6.24.06/b01/lib64:/cvmfs/sw.el7/gcc63/root/6.24.06/b01/lib:/cvmfs/sw.el7/gcc63/pythia/8.2.40/b02/lib:/cvmfs/sw.el7/gcc/6.3/lib64:/cvmfs/sw.el7/gcc/6.3/lib:/cvmfs/sw.el7/gcc/6.3/libexec/gcc/x86_64-unknown-linux-gnu/6.3.1:.:/cvmfs/sw.el7/gcc63/root/6.24.06/b01/lib:/lib64/tls/x86_64:/lib64/tls:/lib64/x86_64:/lib64:/usr/lib64/tls/x86_64:/usr/lib64/tls:/usr/lib64/x86_64:/usr/lib64:/cvmfs/sw.el7/gcc63/root/6.24.06/b01/python/lib:/cvmfs/sw.el7/gcc63/root/6.24.06
start function declaration
mc file name: /lstore/cms/boletti/Run2-BdToKstarMuMu/2018MC_LMNR_newphi_punzi_removeTkMu_fixBkg_B0Psicut_addxcutvariable.root
data file name: /lstore/cms/boletti/Run2-BdToKstarMuMu/2018data_newphi_punzi_removeTkMu_fixBkg_B0Psicut_addxcutvariable.root
reading data...
[#0] ERROR:InputArguments -- Didn't find a branch in Tree 'ntuple' to read variable 'weight' from.
	Note: Name the RooFit variable the same as the branch.
it worked :)
reading monte carlo...
dimuon selection:  rejectPsi
now fitting:  0  for  correctTag  
fitting the mc...
 **********
 **    1 **SET PRINT           1
 **********
 **********
 **    2 **SET NOGRAD
 **********
 PARAMETER DEFINITIONS:
    NO.   NAME         VALUE      STEP SIZE      LIMITS
     1 #alpha_{RT1}^{0}   5.00000e-01  2.50000e-01    0.00000e+00  1.00000e+01
     2 #alpha_{RT2}^{0}   2.50000e+00  1.00000e+00    0.00000e+00  1.00000e+01
     3 #sigma_{RT1}^{0}   3.00000e-02  1.50000e-02    0.00000e+00  1.00000e+00
     4 mean_{RT}^{0}   5.27958e+00  2.00000e-02    5.20000e+00  5.40000e+00
     5 n_{RT1}^{0}   1.00000e+00  4.95000e-01    1.00000e-02  2.00000e+01
     6 n_{RT2}^{0}   1.00000e+00  4.95000e-01    1.00000e-02  1.00000e+02
 **********
 **    3 **SET ERR         0.5
 **********
 **********
 **    4 **SET PRINT           1
 **********
 **********
 **    5 **SET STR           1
 **********
 NOW USING STRATEGY  1: TRY TO BALANCE SPEED AGAINST RELIABILITY
 **********
 **    6 **MIGRAD        3000           1
 **********
 FIRST CALL TO USER FUNCTION AT NEW START POINT, WITH IFLAG=4.
 START MIGRAD MINIMIZATION.  STRATEGY  1.  CONVERGENCE WHEN EDM .LT. 1.00e-03
 FCN=-124212 FROM MIGRAD    STATUS=INITIATE       24 CALLS          25 TOTAL
                     EDM= unknown      STRATEGY= 1      NO ERROR MATRIX       
  EXT PARAMETER               CURRENT GUESS       STEP         FIRST   
  NO.   NAME      VALUE            ERROR          SIZE      DERIVATIVE 
   1  #alpha_{RT1}^{0}   5.00000e-01   2.50000e-01   1.18625e-01  -1.08727e+05
   2  #alpha_{RT2}^{0}   2.50000e+00   1.00000e+00   2.35352e-01   1.75364e+04
   3  #sigma_{RT1}^{0}   3.00000e-02   1.50000e-02   9.09734e-02  -5.19606e+04
   4  mean_{RT}^{0}   5.27958e+00   2.00000e-02   2.05952e-01  -6.41547e+04
   5  n_{RT1}^{0}   1.00000e+00   4.95000e-01   1.18032e-01  -6.62305e+04
   6  n_{RT2}^{0}   1.00000e+00   4.95000e-01   5.17524e-02   9.35757e+03
                               ERR DEF= 0.5
 MIGRAD MINIMIZATION HAS CONVERGED.
 MIGRAD WILL VERIFY CONVERGENCE AND ERROR MATRIX.
 COVARIANCE MATRIX CALCULATED SUCCESSFULLY
 FCN=-154112 FROM MIGRAD    STATUS=CONVERGED     345 CALLS         346 TOTAL
                     EDM=3.32551e-05    STRATEGY= 1      ERROR MATRIX ACCURATE 
  EXT PARAMETER                                   STEP         FIRST   
  NO.   NAME      VALUE            ERROR          SIZE      DERIVATIVE 
   1  #alpha_{RT1}^{0}   1.21723e+00   2.31395e-02   5.24501e-04   4.70354e-01
   2  #alpha_{RT2}^{0}   1.28523e+00   2.38299e-02   6.25649e-04  -6.83870e-01
   3  #sigma_{RT1}^{0}   3.07743e-02   2.54991e-04   1.64304e-04   3.40543e+00
   4  mean_{RT}^{0}   5.27969e+00   1.66380e-04   3.56416e-04  -5.63247e-01
   5  n_{RT1}^{0}   3.94134e+00   1.77759e-01   2.29372e-03   3.04456e-01
   6  n_{RT2}^{0}   9.23748e+00   7.13188e-01   3.09477e-03   2.49301e-02
                               ERR DEF= 0.5
 EXTERNAL ERROR MATRIX.    NDIM=  25    NPAR=  6    ERR DEF=0.5
  5.354e-04  2.599e-04  4.331e-06 -1.707e-06 -3.620e-03 -2.980e-03 
  2.599e-04  5.679e-04  4.313e-06  5.208e-07 -1.144e-03 -1.361e-02 
  4.331e-06  4.313e-06  6.502e-08 -8.890e-09 -2.074e-05 -5.642e-05 
 -1.707e-06  5.208e-07 -8.890e-09  2.768e-08  1.111e-05 -2.156e-05 
 -3.620e-03 -1.144e-03 -2.074e-05  1.111e-05  3.160e-02  1.155e-02 
 -2.980e-03 -1.361e-02 -5.642e-05 -2.156e-05  1.155e-02  5.087e-01 
 PARAMETER  CORRELATION COEFFICIENTS  
       NO.  GLOBAL      1      2      3      4      5      6
        1  0.96190   1.000  0.471  0.734 -0.443 -0.880 -0.181
        2  0.94601   0.471  1.000  0.710  0.131 -0.270 -0.801
        3  0.91186   0.734  0.710  1.000 -0.210 -0.457 -0.310
        4  0.63349  -0.443  0.131 -0.210  1.000  0.376 -0.182
        5  0.92577  -0.880 -0.270 -0.457  0.376  1.000  0.091
        6  0.88598  -0.181 -0.801 -0.310 -0.182  0.091  1.000
 **********
 **    7 **SET ERR         0.5
 **********
 **********
 **    8 **SET PRINT           1
 **********
 **********
 **    9 **HESSE        3000
 **********
 COVARIANCE MATRIX CALCULATED SUCCESSFULLY
 FCN=-154112 FROM HESSE     STATUS=OK             40 CALLS         386 TOTAL
                     EDM=3.42575e-05    STRATEGY= 1      ERROR MATRIX ACCURATE 
  EXT PARAMETER                                INTERNAL      INTERNAL  
  NO.   NAME      VALUE            ERROR       STEP SIZE       VALUE   
   1  #alpha_{RT1}^{0}   1.21723e+00   2.38059e-02   2.09800e-05  -8.58028e-01
   2  #alpha_{RT2}^{0}   1.28523e+00   2.47121e-02   2.50260e-05  -8.37474e-01
   3  #sigma_{RT1}^{0}   3.07743e-02   2.59927e-04   3.28609e-05  -1.21812e+00
   4  mean_{RT}^{0}   5.27969e+00   1.67372e-04   7.12831e-05  -2.04485e-01
   5  n_{RT1}^{0}   3.94134e+00   1.82374e-01   9.17488e-05  -6.51864e-01
   6  n_{RT2}^{0}   9.23748e+00   7.38698e-01   1.23791e-04  -9.53475e-01
                               ERR DEF= 0.5
 EXTERNAL ERROR MATRIX.    NDIM=  25    NPAR=  6    ERR DEF=0.5
  5.667e-04  2.829e-04  4.590e-06 -1.778e-06 -3.845e-03 -3.463e-03 
  2.829e-04  6.107e-04  4.599e-06  5.353e-07 -1.278e-03 -1.485e-02 
  4.590e-06  4.599e-06  6.756e-08 -9.250e-09 -2.247e-05 -6.358e-05 
 -1.778e-06  5.353e-07 -9.250e-09  2.801e-08  1.169e-05 -2.276e-05 
 -3.845e-03 -1.278e-03 -2.247e-05  1.169e-05  3.327e-02  1.400e-02 
 -3.463e-03 -1.485e-02 -6.358e-05 -2.276e-05  1.400e-02  5.458e-01 
 PARAMETER  CORRELATION COEFFICIENTS  
       NO.  GLOBAL      1      2      3      4      5      6
        1  0.96404   1.000  0.481  0.742 -0.446 -0.886 -0.197
        2  0.94991   0.481  1.000  0.716  0.129 -0.284 -0.813
        3  0.91533   0.742  0.716  1.000 -0.213 -0.474 -0.331
        4  0.63906  -0.446  0.129 -0.213  1.000  0.383 -0.184
        5  0.92962  -0.886 -0.284 -0.474  0.383  1.000  0.104
        6  0.89417  -0.197 -0.813 -0.331 -0.184  0.104  1.000
fit status:  0 3
doublecb_RT0  -----> plotting  
Info in <TCanvas::MakeDefCanvas>:  created default TCanvas with name c1
setting nRT to  92305.0
Info in <TCanvas::Print>: pdf file fit_results_mass_checkOnMC/newbdt_puw/save_fit_mc_0_2018_RT_newSigmaFRT_asInANv8.pdf has been created
now fitting:  0  for   wrongTag
fitting the mc...
 **********
 **   10 **SET PRINT           1
 **********
 **********
 **   11 **SET NOGRAD
 **********
 PARAMETER DEFINITIONS:
    NO.   NAME         VALUE      STEP SIZE      LIMITS
     1 #alpha_{WT1}^{0}   5.00000e-01  2.50000e-01    0.00000e+00  1.00000e+01
     2 #alpha_{WT2}^{0}   2.50000e+00  1.00000e+00    0.00000e+00  1.00000e+01
     3 #sigma_{WT1}^{0}   3.00000e-02  1.50000e-02    0.00000e+00  1.00000e+00
     4 mean_{WT}^{0}   5.27958e+00  1.00000e-01    5.00000e+00  6.00000e+00
     5 n_{WT1}^{0}   1.00000e+00  4.95000e-01    1.00000e-02  1.00000e+02
     6 n_{WT2}^{0}   1.00000e+00  4.95000e-01    1.00000e-02  1.00000e+02
 **********
 **   12 **SET ERR         0.5
 **********
 **********
 **   13 **SET PRINT           1
 **********
 **********
 **   14 **SET STR           1
 **********
 NOW USING STRATEGY  1: TRY TO BALANCE SPEED AGAINST RELIABILITY
 **********
 **   15 **MIGRAD        3000           1
 **********
 FIRST CALL TO USER FUNCTION AT NEW START POINT, WITH IFLAG=4.
 START MIGRAD MINIMIZATION.  STRATEGY  1.  CONVERGENCE WHEN EDM .LT. 1.00e-03
 FCN=-11057.2 FROM MIGRAD    STATUS=INITIATE       24 CALLS          25 TOTAL
                     EDM= unknown      STRATEGY= 1      NO ERROR MATRIX       
  EXT PARAMETER               CURRENT GUESS       STEP         FIRST   
  NO.   NAME      VALUE            ERROR          SIZE      DERIVATIVE 
   1  #alpha_{WT1}^{0}   5.00000e-01   2.50000e-01   1.18625e-01  -9.36579e+03
   2  #alpha_{WT2}^{0}   2.50000e+00   1.00000e+00   2.35352e-01   6.52576e+03
   3  #sigma_{WT1}^{0}   3.00000e-02   1.50000e-02   9.09734e-02  -1.70775e+04
   4  mean_{WT}^{0}   5.27958e+00   1.00000e-01   2.26180e-01  -2.90662e+04
   5  n_{WT1}^{0}   1.00000e+00   4.95000e-01   5.17524e-02  -1.87040e+04
   6  n_{WT2}^{0}   1.00000e+00   4.95000e-01   5.17524e-02   4.96395e+03
                               ERR DEF= 0.5
 MIGRAD MINIMIZATION HAS CONVERGED.
 MIGRAD WILL VERIFY CONVERGENCE AND ERROR MATRIX.
 COVARIANCE MATRIX CALCULATED SUCCESSFULLY
 FCN=-13820.2 FROM MIGRAD    STATUS=CONVERGED     415 CALLS         416 TOTAL
                     EDM=1.65394e-05    STRATEGY= 1      ERROR MATRIX ACCURATE 
  EXT PARAMETER                                   STEP         FIRST   
  NO.   NAME      VALUE            ERROR          SIZE      DERIVATIVE 
   1  #alpha_{WT1}^{0}   7.06155e-01   4.53584e-02   2.94481e-04  -1.23000e-01
   2  #alpha_{WT2}^{0}   1.17298e+00   7.71351e-02   4.82197e-04  -4.07470e-01
   3  #sigma_{WT1}^{0}   4.61227e-02   1.73096e-03   1.72571e-04   9.70511e-01
   4  mean_{WT}^{0}   5.27008e+00   1.03733e-03   1.11747e-04   8.83280e-01
   5  n_{WT1}^{0}   1.07172e+01   3.07038e+00   2.92323e-03   1.13092e-02
   6  n_{WT2}^{0}   1.00085e+01   2.43729e+00   2.89485e-03  -7.17164e-02
                               ERR DEF= 0.5
 EXTERNAL ERROR MATRIX.    NDIM=  25    NPAR=  6    ERR DEF=0.5
  2.058e-03  2.216e-03  6.443e-05 -3.298e-05 -1.077e-01 -2.852e-02 
  2.216e-03  5.951e-03  1.093e-04 -1.952e-05 -5.497e-02 -1.452e-01 
  6.443e-05  1.093e-04  2.996e-06 -1.011e-06 -1.825e-03 -1.569e-03 
 -3.298e-05 -1.952e-05 -1.011e-06  1.076e-06  1.527e-03 -7.537e-05 
 -1.077e-01 -5.497e-02 -1.825e-03  1.527e-03  9.458e+00  5.126e-01 
 -2.852e-02 -1.452e-01 -1.569e-03 -7.537e-05  5.126e-01  5.954e+00 
 PARAMETER  CORRELATION COEFFICIENTS  
       NO.  GLOBAL      1      2      3      4      5      6
        1  0.97885   1.000  0.633  0.821 -0.701 -0.772 -0.258
        2  0.96876   0.633  1.000  0.819 -0.244 -0.232 -0.772
        3  0.96630   0.821  0.819  1.000 -0.563 -0.343 -0.372
        4  0.80826  -0.701 -0.244 -0.563  1.000  0.479 -0.030
        5  0.93073  -0.772 -0.232 -0.343  0.479  1.000  0.068
        6  0.90119  -0.258 -0.772 -0.372 -0.030  0.068  1.000
 **********
 **   16 **SET ERR         0.5
 **********
 **********
 **   17 **SET PRINT           1
 **********
 **********
 **   18 **HESSE        3000
 **********
 COVARIANCE MATRIX CALCULATED SUCCESSFULLY
 FCN=-13820.2 FROM HESSE     STATUS=OK             40 CALLS         456 TOTAL
                     EDM=1.70098e-05    STRATEGY= 1      ERROR MATRIX ACCURATE 
  EXT PARAMETER                                INTERNAL      INTERNAL  
  NO.   NAME      VALUE            ERROR       STEP SIZE       VALUE   
   1  #alpha_{WT1}^{0}   7.06155e-01   4.65894e-02   5.88962e-05  -1.03286e+00
   2  #alpha_{WT2}^{0}   1.17298e+00   7.99454e-02   9.64395e-05  -8.71670e-01
   3  #sigma_{WT1}^{0}   4.61227e-02   1.76520e-03   3.45142e-05  -1.13790e+00
   4  mean_{WT}^{0}   5.27008e+00   1.04578e-03   2.23493e-05  -4.77805e-01
   5  n_{WT1}^{0}   1.07172e+01   3.15825e+00   1.16929e-04  -9.04044e-01
   6  n_{WT2}^{0}   1.00085e+01   2.52430e+00   1.15794e-04  -9.27313e-01
                               ERR DEF= 0.5
 EXTERNAL ERROR MATRIX.    NDIM=  25    NPAR=  6    ERR DEF=0.5
  2.171e-03  2.371e-03  6.757e-05 -3.428e-05 -1.148e-01 -3.236e-02 
  2.371e-03  6.393e-03  1.162e-04 -2.058e-05 -6.034e-02 -1.587e-01 
  6.757e-05  1.162e-04  3.116e-06 -1.041e-06 -1.964e-03 -1.759e-03 
 -3.428e-05 -2.058e-05 -1.041e-06  1.094e-06  1.620e-03 -5.932e-05 
 -1.148e-01 -6.034e-02 -1.964e-03  1.620e-03  1.001e+01  6.100e-01 
 -3.236e-02 -1.587e-01 -1.759e-03 -5.932e-05  6.100e-01  6.387e+00 
 PARAMETER  CORRELATION COEFFICIENTS  
       NO.  GLOBAL      1      2      3      4      5      6
        1  0.97997   1.000  0.636  0.822 -0.704 -0.779 -0.275
        2  0.97096   0.636  1.000  0.823 -0.246 -0.239 -0.786
        3  0.96762   0.822  0.823  1.000 -0.564 -0.352 -0.394
        4  0.81171  -0.704 -0.246 -0.564  1.000  0.490 -0.022
        5  0.93467  -0.779 -0.239 -0.352  0.490  1.000  0.076
        6  0.90823  -0.275 -0.786 -0.394 -0.022  0.076  1.000
Info in <TCanvas::Print>: pdf file fit_results_mass_checkOnMC/newbdt_puw/save_fit_mc_0_2018_WT_newSigmaFRT_asInANv8.pdf has been created
fit status:  0 3
doublecb_0  -----> plotting  
setting nWT to  12519.0
mistag fraction on MC for bin  0  :  0.119428756773 +/- 0.269152750946
constraining var #sigma_{RT1}^{0} :  0.0307743050999  with uncertainty  0.000259926880192
constraining var #alpha_{RT1}^{0} :  1.2172273061  with uncertainty  0.023805901674
constraining var n_{RT1}^{0} :  3.94133908057  with uncertainty  0.182374470065
constraining var #sigma_{WT1}^{0} :  0.0461226616583  with uncertainty  0.00176519765775
constraining var #alpha_{WT1}^{0} :  0.706155420291  with uncertainty  0.0465894428934
constraining var #alpha_{WT2}^{0} :  1.17297608777  with uncertainty  0.079945364585
constraining var n_{WT1}^{0} :  10.717229319  with uncertainty  3.15825085853
constraining var n_{WT2}^{0} :  10.0084523707  with uncertainty  2.52429661864
constraining var #alpha_{RT2}^{0} :  1.28522710684  with uncertainty  0.0247121145597
constraining var n_{RT2}^{0} :  9.23747615353  with uncertainty  0.738697616361
nsig is
104824.0
here
total pdf created
Minuit2Minimizer: Minimize with max-calls 7500 convergence for edm < 1 strategy 2
Info in <Minuit2>: MnSeedGenerator Initial state: FCN =       99993.73657 Edm =       116140.2979 NCalls =     47
Info in <Minuit2>: MnSeedGenerator Negative G2 found - new state: 
  Minimum value : 72007.35678
  Edm           : 90558.39364
  Internal parameters:
     -1.223672284
    -0.8374737664
     -1.032862055
    -0.8716700799
     -1.218119267
     -1.137900314
     -0.911383335
    -0.8650728059
     -1.548706783
      -1.62896723
    -0.9534751415
    -0.9040435291
    -0.9273134744
     -1.485490177
      1.597656521
  Internal gradient  :
 -3.429482822e+10
     -2353.811671
    0.02877500457
    0.02041864471
      19010.97974
     0.0371495788
      219495.9112
     0.0201470242
      169.8999766
     -20214.18982
     -261.8732396
    0.02181248202
    0.02288953876
      8336.039474
      9.199509914
  Internal covariance matrix:
  1.7014004e-17              0              0              0              0              0              0              0              0              0              0              0              0              0              0
              0  4.6774294e-05              0              0              0              0              0              0              0              0              0              0              0              0              0
              0              0  0.00066146597              0              0              0              0              0              0              0              0              0              0              0              0
              0              0              0    0.001234562              0              0              0              0              0              0              0              0              0              0              0
              0              0              0              0  4.0993891e-06              0              0              0              0              0              0              0              0              0              0
              0              0              0              0              0   0.0001416475              0              0              0              0              0              0              0              0              0
              0              0              0              0              0              0  6.9750236e-06              0              0              0              0              0              0              0              0
              0              0              0              0              0              0              0   0.0042789652              0              0              0              0              0              0              0
              0              0              0              0              0              0              0              0  0.00026015175              0              0              0              0              0              0
              0              0              0              0              0              0              0              0              0  7.3509132e-06              0              0              0              0              0
              0              0              0              0              0              0              0              0              0              0  0.00063650249              0              0              0              0
              0              0              0              0              0              0              0              0              0              0              0    0.020867361              0              0              0
              0              0              0              0              0              0              0              0              0              0              0              0    0.014163302              0              0
              0              0              0              0              0              0              0              0              0              0              0              0              0   1.987161e-05              0
              0              0              0              0              0              0              0              0              0              0              0              0              0              0   0.0058371361
Info in <Minuit2>: MnSeedGenerator run Hesse - new state: 
  Minimum value : 72007.35678
  Edm           : 86993.4807
  Internal parameters:
     -1.223672284
    -0.8374737664
     -1.032862055
    -0.8716700799
     -1.218119267
     -1.137900314
     -0.911383335
    -0.8650728059
     -1.548706783
      -1.62896723
    -0.9534751415
    -0.9040435291
    -0.9273134744
     -1.485490177
      1.597656521
  Internal gradient  :
      3677.554145
     -2353.798929
  1.889228436e-06
  1.382871299e-06
       19010.9437
  5.948889549e-05
      219495.9156
  3.221607104e-05
      169.9003249
       -20214.242
     -261.8626732
   3.49045688e-05
  3.662837002e-05
      8336.039958
      9.199254414
  Internal covariance matrix:
  1.7014006e-17  1.8203082e-19  5.6970726e-28 -1.8908797e-26 -4.5162262e-19 -2.2347055e-27 -1.8960008e-19 -2.1187202e-22  7.8520287e-20  1.7199593e-18  1.6696893e-20 -4.0803148e-29 -1.9271694e-22   8.279284e-21  4.8923749e-22
  1.8203082e-19  5.0670213e-05  1.7898678e-13  2.6188969e-14  1.7798121e-06  3.1439177e-16  1.1503728e-06  4.8945314e-14   -5.48225e-08 -9.8123028e-08 -4.2142979e-05  1.0323759e-13  3.1257968e-13  4.4969395e-07  4.9222315e-08
  5.6970726e-28  1.7898678e-13  0.00066146597  9.6041543e-23  4.4989236e-15 -1.1921394e-22  3.3558617e-15  1.7981683e-22 -2.9448437e-16 -2.6366086e-16 -4.2872776e-13  1.7175642e-21 -1.2971979e-12  6.3520828e-16   1.551391e-16
 -1.8908797e-26  2.6188969e-14  9.6041543e-23    0.001234562  9.9340771e-16 -1.1076625e-24 -1.8757787e-14   2.583793e-21  2.6973626e-15 -8.4779936e-14 -4.0202984e-13 -4.3021984e-12  1.7721845e-12 -1.2160841e-15  -2.081692e-17
 -4.5162262e-19  1.7798121e-06  4.4989236e-15  9.9340771e-16  4.3276446e-06  2.1974803e-14 -9.7344441e-07  1.1702384e-15  1.9706578e-07 -2.3245142e-07  2.6193882e-06 -6.4167109e-15 -7.2969025e-14 -9.6954727e-08 -1.2343063e-08
 -2.2347055e-27  3.1439177e-16 -1.1921394e-22 -1.1076625e-24  2.1974803e-14   0.0001416475 -4.6896287e-15 -5.6205492e-24  1.0324442e-15 -1.1738526e-15  1.4956256e-13 -6.7518415e-22  6.0028422e-13 -1.1482051e-16 -6.0761229e-17
 -1.8960008e-19  1.1503728e-06  3.3558617e-15 -1.8757787e-14 -9.7344441e-07 -4.6896287e-15  7.5936646e-06 -3.2785826e-14 -6.1968854e-07  1.6710169e-06  6.6584048e-07 -1.6311082e-15 -1.4134002e-13  2.0939065e-08  6.0308344e-10
 -2.1187202e-22  4.8945314e-14  1.7981683e-22   2.583793e-21  1.1702384e-15 -5.6205492e-24 -3.2785826e-14   0.0042789652 -8.9180455e-13 -1.5693817e-13 -7.4941844e-13  1.3860783e-22  3.2993003e-12 -2.1844911e-15 -2.4175263e-17
  7.8520287e-20   -5.48225e-08 -2.9448437e-16  2.6973626e-15  1.9706578e-07  1.0324442e-15 -6.1968854e-07 -8.9180455e-13  0.00026020781 -2.6049283e-07  2.7678058e-07 -6.7802854e-16 -8.0467851e-13 -2.3069089e-08 -4.2302502e-09
  1.7199593e-18 -9.8123028e-08 -2.6366086e-16 -8.4779936e-14 -2.3245142e-07 -1.1738526e-15  1.6710169e-06 -1.5693817e-13 -2.6049283e-07  7.7216078e-06 -1.0857278e-07  2.6597094e-16 -1.6959517e-13  1.2431594e-08  1.7852863e-09
  1.6696893e-20 -4.2142979e-05 -4.2872776e-13 -4.0202984e-13  2.6193882e-06  1.4956256e-13  6.6584048e-07 -7.4941844e-13  2.7678058e-07 -1.0857278e-07  0.00067672128  -1.657763e-12 -3.6501619e-13  1.8116817e-06  2.0135704e-09
 -4.0803148e-29  1.0323759e-13  1.7175642e-21 -4.3021984e-12 -6.4167109e-15 -6.7518415e-22 -1.6311082e-15  1.3860783e-22 -6.7802854e-16  2.6597094e-16  -1.657763e-12    0.020867361 -7.2859514e-12 -4.4380738e-15 -4.9305656e-18
 -1.9271694e-22  3.1257968e-13 -1.2971979e-12  1.7721845e-12 -7.2969025e-14  6.0028422e-13 -1.4134002e-13  3.2993003e-12 -8.0467851e-13 -1.6959517e-13 -3.6501619e-13 -7.2859514e-12    0.014163302  2.4064746e-13 -4.0326913e-12
   8.279284e-21  4.4969395e-07  6.3520828e-16 -1.2160841e-15 -9.6954727e-08 -1.1482051e-16  2.0939065e-08 -2.1844911e-15 -2.3069089e-08  1.2431594e-08  1.8116817e-06 -4.4380738e-15  2.4064746e-13  1.9926552e-05 -1.5218898e-05
  4.8923749e-22  4.9222315e-08   1.551391e-16  -2.081692e-17 -1.2343063e-08 -6.0761229e-17  6.0308344e-10 -2.4175263e-17 -4.2302502e-09  1.7852863e-09  2.0135704e-09 -4.9305656e-18 -4.0326913e-12 -1.5218898e-05   0.0058487701
Info in <Minuit2>: VariableMetricBuilder Start iterating until Edm is < 0.001 with call limit = 7500
Info in <Minuit2>: VariableMetricBuilder    0 - FCN =       72007.35678 Edm =        86993.4807 NCalls =    625
Info in <Minuit2>: VariableMetricBuilder    1 - FCN =       17001.89463 Edm =       53309.83201 NCalls =    669
Info in <Minuit2>: VariableMetricBuilder    2 - FCN =      -737.5830589 Edm =         19607.331 NCalls =    713
Info in <Minuit2>: VariableMetricBuilder    3 - FCN =      -1117.943304 Edm =       17298.12444 NCalls =    764
Minuit2:0: RuntimeWarning: DavidonErrorUpdator delgam < 0 : first derivatives increasing along search line
Info in <Minuit2>: VariableMetricBuilder    4 - FCN =      -1118.231098 Edm =       917799.4428 NCalls =    804
Minuit2:0: RuntimeWarning: VariableMetricBuilder Matrix not pos.def, gdel = 260.241 > 0
Minuit2:0: RuntimeWarning: MnPosDef non-positive diagonal element in covariance matrix[ 0 ] = -8.38244e-21
Minuit2:0: RuntimeWarning: MnPosDef Added to diagonal of Error matrix a value 0.500001
Minuit2:0: RuntimeWarning: VariableMetricBuilder gdel = -3.84183e+22
Minuit2:0: RuntimeWarning: VariableMetricBuilder No improvement in line search
Info in <Minuit2>: VariableMetricBuilder    5 - FCN =      -1118.231098 Edm =       917799.4428 NCalls =    815
Minuit2:0: RuntimeWarning: VariableMetricBuilder Iterations finish without convergence; Edm 918835 Requested 0.001
Minuit2:0: RuntimeWarning: MnPosDef non-positive diagonal element in covariance matrix[ 8 ] = -452.859
Minuit2:0: RuntimeWarning: MnPosDef non-positive diagonal element in covariance matrix[ 9 ] = -319.951
Minuit2:0: RuntimeWarning: MnPosDef non-positive diagonal element in covariance matrix[ 14 ] = -7.08588
Minuit2:0: RuntimeWarning: MnPosDef Added to diagonal of Error matrix a value 453.359
Minuit2:0: RuntimeWarning: MnPosDef Matrix forced pos-def by adding to diagonal 0.447689
Info in <Minuit2>: VariableMetricBuilder After Hessian
Info in <Minuit2>: VariableMetricBuilder    6 - FCN =      -1118.231098 Edm =       303171.6208 NCalls =    999
Info in <Minuit2>: VariableMetricBuilder Tolerance not sufficient, continue minimization; Edm 303172 Required 0.001
Minuit2:0: RuntimeWarning: DavidonErrorUpdator delgam < 0 : first derivatives increasing along search line
Info in <Minuit2>: VariableMetricBuilder    7 - FCN =      -1625.280954 Edm =       17722904.27 NCalls =   1048
Minuit2:0: RuntimeWarning: VariableMetricBuilder Matrix not pos.def, gdel = 4384.74 > 0
Minuit2:0: RuntimeWarning: MnPosDef Matrix forced pos-def by adding to diagonal 0.0550169
Minuit2:0: RuntimeWarning: VariableMetricBuilder gdel = -2256.59
Info in <Minuit2>: VariableMetricBuilder    8 - FCN =      -1704.279647 Edm =       53332.81557 NCalls =   1085
Info in <Minuit2>: VariableMetricBuilder    9 - FCN =      -1732.626162 Edm =        369.362538 NCalls =   1123
Info in <Minuit2>: VariableMetricBuilder   10 - FCN =      -1834.125779 Edm =       226.7183796 NCalls =   1160
Info in <Minuit2>: VariableMetricBuilder   11 - FCN =      -1836.400557 Edm =        483.098937 NCalls =   1197
Info in <Minuit2>: VariableMetricBuilder   12 - FCN =      -1836.416028 Edm =       652.7576526 NCalls =   1235
Minuit2:0: RuntimeWarning: VariableMetricBuilder No improvement in line search
Info in <Minuit2>: VariableMetricBuilder   13 - FCN =      -1836.416028 Edm =       652.7576526 NCalls =   1246
Minuit2:0: RuntimeWarning: VariableMetricBuilder Iterations finish without convergence; Edm 3165.56 Requested 0.001
Minuit2:0: RuntimeWarning: VariableMetricBuilder FunctionMinimum is invalid after second try
Minuit2:0: RuntimeWarning: Minuit2Minimizer::Minimize Minimization did NOT converge, Edm is above max
Minuit2Minimizer : Invalid Minimum - status = 3
FVAL  = -1836.42
Edm   = 652.758
Nfcn  = 1235
Info in <Minuit2>: Minuit2Minimizer::Hesse Using max-calls 7500
Minuit2:0: RuntimeWarning: MnPosDef non-positive diagonal element in covariance matrix[ 14 ] = -4.28873
Minuit2:0: RuntimeWarning: MnPosDef Added to diagonal of Error matrix a value 4.78873
Info in <Minuit2>: Minuit2Minimizer::Hesse Hesse is valid - matrix is accurate
fit with Hesse strategy 2 done, now Minos
Minuit2Minimizer: Minimize with max-calls 7500 convergence for edm < 1 strategy 2
Info in <Minuit2>: MnSeedGenerator Initial state: FCN =      -1836.416028 Edm =       86.81959153 NCalls =     35
Info in <Minuit2>: MnSeedGenerator Negative G2 found - new state: 
  Minimum value : -1854.546483
  Edm           : 1500.278732
  Internal parameters:
     -1.218543924
    -0.8513794469
     -1.032862182
    -0.8716702377
     -1.205778353
     -1.137900266
     -1.529190713
    -0.8650709679
    -0.4486602566
    -0.5460652056
    -0.9384094102
     -0.904029577
    -0.9273041165
     -1.559571987
    0.09652548951
  Internal gradient  :
     -2854.243475
     -137.0820576
  0.0003595682281
  0.0002704180936
      5199.455944
   0.001645206896
     -710.6624184
    0.00137813726
     -264.8735389
      227.1026716
      35.02101536
   0.001899176447
    0.00191111455
     -715.4373331
     0.4530730545
  Internal covariance matrix:
   0.0006942248              0              0              0              0              0              0              0              0              0              0              0              0              0              0
              0   0.0001140508              0              0              0              0              0              0              0              0              0              0              0              0              0
              0              0  0.00066146909              0              0              0              0              0              0              0              0              0              0              0              0
              0              0              0   0.0012345633              0              0              0              0              0              0              0              0              0              0              0
              0              0              0              0  4.0345737e-06              0              0              0              0              0              0              0              0              0              0
              0              0              0              0              0  0.00014164773              0              0              0              0              0              0              0              0              0
              0              0              0              0              0              0  2.1634999e-06              0              0              0              0              0              0              0              0
              0              0              0              0              0              0              0   0.0042789409              0              0              0              0              0              0              0
              0              0              0              0              0              0              0              0   0.0025312636              0              0              0              0              0              0
              0              0              0              0              0              0              0              0              0  0.00085720916              0              0              0              0              0
              0              0              0              0              0              0              0              0              0              0   0.0012542612              0              0              0              0
              0              0              0              0              0              0              0              0              0              0              0    0.020866764              0              0              0
              0              0              0              0              0              0              0              0              0              0              0              0    0.014163145              0              0
              0              0              0              0              0              0              0              0              0              0              0              0              0   1.916536e-05              0
              0              0              0              0              0              0              0              0              0              0              0              0              0              0     0.06923427
Info in <Minuit2>: MnSeedGenerator run Hesse - new state: 
  Minimum value : -1854.546483
  Edm           : 1643.838051
  Internal parameters:
     -1.218543924
    -0.8513794469
     -1.032862182
    -0.8716702377
     -1.205778353
     -1.137900266
     -1.529190713
    -0.8650709679
    -0.4486602566
    -0.5460652056
    -0.9384094102
     -0.904029577
    -0.9273041165
     -1.559571987
    0.09652548951
  Internal gradient  :
     -2854.272061
     -137.0824833
 -0.0003817014471
 -0.0002555691219
      5199.454905
  0.0006881868836
     -710.6593848
  0.0008599396741
     -264.8730399
      227.1024459
      35.02042059
   0.001338114353
   0.001322354338
     -715.4432882
     0.4535015342
  Internal covariance matrix:
  0.00084749895  8.2679932e-06 -4.7894953e-12 -6.5432219e-12  2.6469006e-06  2.2163574e-12 -1.6585516e-05  1.2566953e-11 -0.00060425918 -5.0215034e-05  2.3258088e-05 -2.6830878e-11    2.21623e-11  6.0053059e-05  -0.0036642502
  8.2679932e-06  0.00012019757 -4.6725149e-14 -6.3834078e-14 -1.4232255e-07  2.1622242e-14 -2.2560776e-06  1.7126343e-13  2.9038518e-05  2.8318468e-07  8.1774199e-06 -1.1010983e-12  2.1620999e-13  1.5689353e-05 -0.00059941094
 -4.7894953e-12 -4.6725149e-14  0.00066146909  3.6977899e-20 -1.4958506e-14 -1.2525364e-20  9.3730207e-14 -7.1019984e-20  3.4148673e-12  2.8378167e-13 -1.3143911e-13  1.5163012e-19 -1.2524645e-19 -3.3937959e-13  2.0707883e-11
 -6.5432219e-12 -6.3834078e-14  3.6977899e-20   0.0012345633 -2.0435728e-14 -1.7111665e-20  1.2805056e-13 -9.7024736e-20  4.6652587e-12  3.8769146e-13 -1.7956699e-13  2.0715116e-19 -1.7110681e-19 -4.6364717e-13  2.8290303e-11
  2.6469006e-06 -1.4232255e-07 -1.4958506e-14 -2.0435728e-14  4.1295559e-06  6.9221061e-15   1.325004e-07  3.4966522e-14  -1.218638e-05  5.4044059e-08  -2.389678e-07 -8.3160728e-14  6.9217083e-14 -8.4610953e-07   3.390383e-05
  2.2163574e-12  2.1622242e-14 -1.2525364e-20 -1.7111665e-20  6.9221061e-15  0.00014164773 -4.3374014e-14  3.2864771e-20  -1.580243e-12 -1.3132106e-13  6.0823951e-14  -7.016742e-20  5.7958274e-20  1.5704921e-13 -9.5826525e-12
 -1.6585516e-05 -2.2560776e-06  9.3730207e-14  1.2805056e-13   1.325004e-07 -4.3374014e-14  3.5712203e-06 -3.2137488e-13  3.4762196e-05 -4.4131239e-07 -5.2196447e-06   5.432918e-13 -4.3371521e-13 -9.4367984e-06  0.00045395274
  1.2566953e-11  1.7126343e-13 -7.1019984e-20 -9.7024736e-20  3.4966522e-14  3.2864771e-20 -3.2137488e-13   0.0042789409 -9.4930946e-12 -7.1151364e-13  4.5558679e-13 -3.9827901e-19  3.2862882e-19  1.0824524e-12 -6.3216484e-11
 -0.00060425918  2.9038518e-05  3.4148673e-12  4.6652587e-12  -1.218638e-05  -1.580243e-12  3.4762196e-05 -9.4930946e-12   0.0035946158  7.7225319e-07 -4.4111801e-05  1.8975514e-11 -1.5801522e-11 -0.00022638117   0.0097012673
 -5.0215034e-05  2.8318468e-07  2.8378167e-13  3.8769146e-13  5.4044059e-08 -1.3132106e-13 -4.4131239e-07 -7.1151364e-13  7.7225319e-07   0.0008610812  7.3708826e-07 -5.9265128e-13 -1.3131351e-12  1.3726939e-06 -5.7979158e-05
  2.3258088e-05  8.1774199e-06 -1.3143911e-13 -1.7956699e-13  -2.389678e-07  6.0823951e-14 -5.2196447e-06  4.5558679e-13 -4.4111801e-05  7.3708826e-07   0.0012766735 -7.9711761e-13  6.0820456e-13  3.6320482e-05  -0.0013341294
 -2.6830878e-11 -1.1010983e-12  1.5163012e-19  2.0715116e-19 -8.3160728e-14  -7.016742e-20   5.432918e-13 -3.9827901e-19  1.8975514e-11 -5.9265128e-13 -7.9711761e-13    0.020866764 -7.0163387e-19 -2.0190153e-12  1.2063352e-10
    2.21623e-11  2.1620999e-13 -1.2524645e-19 -1.7110681e-19  6.9217083e-14  5.7958274e-20 -4.3371521e-13  3.2862882e-19 -1.5801522e-11 -1.3131351e-12  6.0820456e-13 -7.0163387e-19    0.014163145  1.5704018e-12 -9.5821018e-11
  6.0053059e-05  1.5689353e-05 -3.3937959e-13 -4.6364717e-13 -8.4610953e-07  1.5704921e-13 -9.4367984e-06  1.0824524e-12 -0.00022638117  1.3726939e-06  3.6320482e-05 -2.0190153e-12  1.5704018e-12  6.8383489e-05  -0.0029580829
  -0.0036642502 -0.00059941094  2.0707883e-11  2.8290303e-11   3.390383e-05 -9.5826525e-12  0.00045395274 -6.3216484e-11   0.0097012673 -5.7979158e-05  -0.0013341294  1.2063352e-10 -9.5821018e-11  -0.0029580829     0.19945104
Info in <Minuit2>: VariableMetricBuilder Start iterating until Edm is < 0.001 with call limit = 7500
Info in <Minuit2>: VariableMetricBuilder    0 - FCN =      -1854.546483 Edm =       1643.838051 NCalls =    382
Info in <Minuit2>: VariableMetricBuilder    1 - FCN =      -2076.342101 Edm =       6264.468115 NCalls =    422
Info in <Minuit2>: VariableMetricBuilder    2 - FCN =       -2666.12755 Edm =       84.37758203 NCalls =    460
Info in <Minuit2>: VariableMetricBuilder    3 - FCN =      -2677.323279 Edm =       17.63753447 NCalls =    494
Info in <Minuit2>: VariableMetricBuilder    4 - FCN =      -2686.590736 Edm =       4.242341359 NCalls =    528
Info in <Minuit2>: VariableMetricBuilder    5 - FCN =      -2688.134202 Edm =       1.023680064 NCalls =    562
Info in <Minuit2>: VariableMetricBuilder    6 - FCN =      -2688.917765 Edm =     0.01771535672 NCalls =    594
Info in <Minuit2>: VariableMetricBuilder    7 - FCN =      -2688.937533 Edm =   0.0003461222953 NCalls =    626
Info in <Minuit2>: VariableMetricBuilder After Hessian
Info in <Minuit2>: VariableMetricBuilder    8 - FCN =      -2688.937533 Edm =   0.0004671709507 NCalls =    804
Minuit2Minimizer : Valid minimum - status = 0
FVAL  = -2688.9375325033825
Edm   = 0.000467170950735101961
Nfcn  = 804
#alpha_{RT1}^{0}	  = 1.21381	 +/-  0.0237701	(limited)
#alpha_{RT2}^{0}	  = 1.28754	 +/-  0.0245505	(limited)
#alpha_{WT1}^{0}	  = 0.706155	 +/-  0.0465869	(limited)
#alpha_{WT2}^{0}	  = 1.17297	 +/-  0.0799372	(limited)
#sigma_{RT1}^{0}	  = 0.0307667	 +/-  0.000258943	(limited)
#sigma_{WT1}^{0}	  = 0.0461226	 +/-  0.00176518	(limited)
Yield	  = 265.919	 +/-  19.3279	(limited)
f_{M}^{0}	  = 0.119428	 +/-  0.0149947	(limited)
mean_{RT}^{0}	  = 5.2767	 +/-  0.00263835	(limited)
n_{RT1}^{0}	  = 3.92624	 +/-  0.182892	(limited)
n_{RT2}^{0}	  = 9.26408	 +/-  0.735391	(limited)
n_{WT1}^{0}	  = 10.717	 +/-  3.15278	(limited)
n_{WT2}^{0}	  = 10.0083	 +/-  2.52133	(limited)
nbkg	  = 321.458	 +/-  31.9374	(limited)
slope	  = -6.1632	 +/-  0.726807	(limited)
Info in <Minuit2>: Minuit2Minimizer::Hesse Using max-calls 7500
Info in <Minuit2>: Minuit2Minimizer::Hesse Hesse is valid - matrix is accurate
******************************************************************************************************
Minuit2Minimizer::GetMinosError - Run MINOS LOWER error for parameter #0 : #alpha_{RT1}^{0} using max-calls 7500, tolerance 1
Info in <Minuit2>: MnMinos Determination of lower Minos error for parameter 0
Info in <Minuit2>: MnFunctionCross Run Migrad with fixed parameters:
  Pos 0: #alpha_{RT1}^{0} = 1.19004
Info in <Minuit2>: MnSeedGenerator Initial state: FCN =      -2688.436161 Edm =   0.0002844367481 NCalls =     29
Info in <Minuit2>: VariableMetricBuilder Start iterating until Edm is < 0.0005 with call limit = 7500
Info in <Minuit2>: VariableMetricBuilder    0 - FCN =      -2688.436161 Edm =   0.0002844367481 NCalls =     29
Info in <Minuit2>: VariableMetricBuilder    1 - FCN =      -2688.436468 Edm =   0.0001572228113 NCalls =     59
Info in <Minuit2>: MnFunctionCross Result after Migrad FCN =      -2688.436468 Edm =   0.0001572228113 NCalls =     59 
  Pos |    Name    |  type   |      Value       |    Error +/-
    0 | #alpha_{RT1}^{0} |  fixed  |      1.190041827 | 0.02376925305
    1 | #alpha_{RT2}^{0} | limited |       1.28711813 | 0.02562607535
    2 | #alpha_{WT1}^{0} | limited |     0.7061545088 | 0.04658688621
    3 | #alpha_{WT2}^{0} | limited |      1.172974572 | 0.07993716338
    4 | #sigma_{RT1}^{0} | limited |    0.03076858601 | 0.0002626391143
    5 | #sigma_{WT1}^{0} | limited |    0.04612264104 | 0.001765176895
    6 |      Yield | limited |      267.4145776 |  18.91110603
    7 |  f_{M}^{0} | limited |     0.1194282329 | 0.01499466811
    8 | mean_{RT}^{0} | limited |      5.276761131 | 0.002631429874
    9 | n_{RT1}^{0} | limited |      3.927138298 |  0.183816312
   10 | n_{RT2}^{0} | limited |      9.262012028 | 0.7350025587
   11 | n_{WT1}^{0} | limited |      10.71696142 |  3.152777696
   12 | n_{WT2}^{0} | limited |      10.00826815 |    2.5213281
   13 |       nbkg | limited |       319.805861 |  30.67717403
   14 |      slope | limited |     -6.178143789 | 0.6058828661
Info in <Minuit2>: MnMinos end of Minos scan for low interval for parameter #alpha_{RT1}^{0}
******************************************************************************************************
