
[1mRooFit v3.60 -- Developed by Wouter Verkerke and David Kirkby[0m 
                Copyright (C) 2000-2013 NIKHEF, University of California & Stanford University
                All rights reserved, please read http://roofit.sourceforge.net/license.txt

Error in <TUnixSystem::FindDynamicLibrary>: ../utils/func_roofit/libRooGaussDoubleSidedExp[.so | .dll | .dylib | .sl | .dl | .a] does not exist in /cvmfs/sw.el7/gcc63/root/6.24.06/b01/lib64:/cvmfs/sw.el7/gcc63/root/6.24.06/b01/lib:/cvmfs/sw.el7/gcc63/pythia/8.2.40/b02/lib:/cvmfs/sw.el7/gcc/6.3/lib64:/cvmfs/sw.el7/gcc/6.3/lib:/cvmfs/sw.el7/gcc/6.3/libexec/gcc/x86_64-unknown-linux-gnu/6.3.1:.:/cvmfs/sw.el7/gcc63/root/6.24.06/b01/lib:/lib64/tls/x86_64:/lib64/tls:/lib64/x86_64:/lib64:/usr/lib64/tls/x86_64:/usr/lib64/tls:/usr/lib64/x86_64:/usr/lib64:/cvmfs/sw.el7/gcc63/root/6.24.06/b01/python/lib:/cvmfs/sw.el7/gcc63/root/6.24.06
start function declaration
mc file name: /lstore/cms/boletti/Run2-BdToKstarMuMu/2018MC_LMNR_newphi_punzi_removeTkMu_fixBkg_B0Psicut_addxcutvariable.root
data file name: /lstore/cms/boletti/Run2-BdToKstarMuMu/2018data_newphi_punzi_removeTkMu_fixBkg_B0Psicut_addxcutvariable.root
reading data...
[#0] ERROR:InputArguments -- Didn't find a branch in Tree 'ntuple' to read variable 'weight' from.
	Note: Name the RooFit variable the same as the branch.
it worked :)
reading monte carlo...
dimuon selection:  rejectPsi
now fitting:  0  for  correctTag  
fitting the mc...
 **********
 **    1 **SET PRINT           1
 **********
 **********
 **    2 **SET NOGRAD
 **********
 PARAMETER DEFINITIONS:
    NO.   NAME         VALUE      STEP SIZE      LIMITS
     1 #alpha_{RT1}^{0}   5.00000e-01  2.50000e-01    0.00000e+00  1.00000e+01
     2 #alpha_{RT2}^{0}   2.50000e+00  1.00000e+00    0.00000e+00  1.00000e+01
     3 #sigma_{RT1}^{0}   3.00000e-02  1.50000e-02    0.00000e+00  1.00000e+00
     4 mean_{RT}^{0}   5.27958e+00  2.00000e-02    5.20000e+00  5.40000e+00
     5 n_{RT1}^{0}   1.00000e+00  4.95000e-01    1.00000e-02  2.00000e+01
     6 n_{RT2}^{0}   1.00000e+00  4.95000e-01    1.00000e-02  1.00000e+02
 **********
 **    3 **SET ERR         0.5
 **********
 **********
 **    4 **SET PRINT           1
 **********
 **********
 **    5 **SET STR           1
 **********
 NOW USING STRATEGY  1: TRY TO BALANCE SPEED AGAINST RELIABILITY
 **********
 **    6 **MIGRAD        3000           1
 **********
 FIRST CALL TO USER FUNCTION AT NEW START POINT, WITH IFLAG=4.
 START MIGRAD MINIMIZATION.  STRATEGY  1.  CONVERGENCE WHEN EDM .LT. 1.00e-03
 FCN=-124212 FROM MIGRAD    STATUS=INITIATE       24 CALLS          25 TOTAL
                     EDM= unknown      STRATEGY= 1      NO ERROR MATRIX       
  EXT PARAMETER               CURRENT GUESS       STEP         FIRST   
  NO.   NAME      VALUE            ERROR          SIZE      DERIVATIVE 
   1  #alpha_{RT1}^{0}   5.00000e-01   2.50000e-01   1.18625e-01  -1.08727e+05
   2  #alpha_{RT2}^{0}   2.50000e+00   1.00000e+00   2.35352e-01   1.75364e+04
   3  #sigma_{RT1}^{0}   3.00000e-02   1.50000e-02   9.09734e-02  -5.19606e+04
   4  mean_{RT}^{0}   5.27958e+00   2.00000e-02   2.05952e-01  -6.41547e+04
   5  n_{RT1}^{0}   1.00000e+00   4.95000e-01   1.18032e-01  -6.62305e+04
   6  n_{RT2}^{0}   1.00000e+00   4.95000e-01   5.17524e-02   9.35757e+03
                               ERR DEF= 0.5
 MIGRAD MINIMIZATION HAS CONVERGED.
 MIGRAD WILL VERIFY CONVERGENCE AND ERROR MATRIX.
 COVARIANCE MATRIX CALCULATED SUCCESSFULLY
 FCN=-154112 FROM MIGRAD    STATUS=CONVERGED     345 CALLS         346 TOTAL
                     EDM=3.32551e-05    STRATEGY= 1      ERROR MATRIX ACCURATE 
  EXT PARAMETER                                   STEP         FIRST   
  NO.   NAME      VALUE            ERROR          SIZE      DERIVATIVE 
   1  #alpha_{RT1}^{0}   1.21723e+00   2.31395e-02   5.24501e-04   4.70354e-01
   2  #alpha_{RT2}^{0}   1.28523e+00   2.38299e-02   6.25649e-04  -6.83870e-01
   3  #sigma_{RT1}^{0}   3.07743e-02   2.54991e-04   1.64304e-04   3.40543e+00
   4  mean_{RT}^{0}   5.27969e+00   1.66380e-04   3.56416e-04  -5.63247e-01
   5  n_{RT1}^{0}   3.94134e+00   1.77759e-01   2.29372e-03   3.04456e-01
   6  n_{RT2}^{0}   9.23748e+00   7.13188e-01   3.09477e-03   2.49301e-02
                               ERR DEF= 0.5
 EXTERNAL ERROR MATRIX.    NDIM=  25    NPAR=  6    ERR DEF=0.5
  5.354e-04  2.599e-04  4.331e-06 -1.707e-06 -3.620e-03 -2.980e-03 
  2.599e-04  5.679e-04  4.313e-06  5.208e-07 -1.144e-03 -1.361e-02 
  4.331e-06  4.313e-06  6.502e-08 -8.890e-09 -2.074e-05 -5.642e-05 
 -1.707e-06  5.208e-07 -8.890e-09  2.768e-08  1.111e-05 -2.156e-05 
 -3.620e-03 -1.144e-03 -2.074e-05  1.111e-05  3.160e-02  1.155e-02 
 -2.980e-03 -1.361e-02 -5.642e-05 -2.156e-05  1.155e-02  5.087e-01 
 PARAMETER  CORRELATION COEFFICIENTS  
       NO.  GLOBAL      1      2      3      4      5      6
        1  0.96190   1.000  0.471  0.734 -0.443 -0.880 -0.181
        2  0.94601   0.471  1.000  0.710  0.131 -0.270 -0.801
        3  0.91186   0.734  0.710  1.000 -0.210 -0.457 -0.310
        4  0.63349  -0.443  0.131 -0.210  1.000  0.376 -0.182
        5  0.92577  -0.880 -0.270 -0.457  0.376  1.000  0.091
        6  0.88598  -0.181 -0.801 -0.310 -0.182  0.091  1.000
 **********
 **    7 **SET ERR         0.5
 **********
 **********
 **    8 **SET PRINT           1
 **********
 **********
 **    9 **HESSE        3000
 **********
 COVARIANCE MATRIX CALCULATED SUCCESSFULLY
 FCN=-154112 FROM HESSE     STATUS=OK             40 CALLS         386 TOTAL
                     EDM=3.42575e-05    STRATEGY= 1      ERROR MATRIX ACCURATE 
  EXT PARAMETER                                INTERNAL      INTERNAL  
  NO.   NAME      VALUE            ERROR       STEP SIZE       VALUE   
   1  #alpha_{RT1}^{0}   1.21723e+00   2.38059e-02   2.09800e-05  -8.58028e-01
   2  #alpha_{RT2}^{0}   1.28523e+00   2.47121e-02   2.50260e-05  -8.37474e-01
   3  #sigma_{RT1}^{0}   3.07743e-02   2.59927e-04   3.28609e-05  -1.21812e+00
   4  mean_{RT}^{0}   5.27969e+00   1.67372e-04   7.12831e-05  -2.04485e-01
   5  n_{RT1}^{0}   3.94134e+00   1.82374e-01   9.17488e-05  -6.51864e-01
   6  n_{RT2}^{0}   9.23748e+00   7.38698e-01   1.23791e-04  -9.53475e-01
                               ERR DEF= 0.5
 EXTERNAL ERROR MATRIX.    NDIM=  25    NPAR=  6    ERR DEF=0.5
  5.667e-04  2.829e-04  4.590e-06 -1.778e-06 -3.845e-03 -3.463e-03 
  2.829e-04  6.107e-04  4.599e-06  5.353e-07 -1.278e-03 -1.485e-02 
  4.590e-06  4.599e-06  6.756e-08 -9.250e-09 -2.247e-05 -6.358e-05 
 -1.778e-06  5.353e-07 -9.250e-09  2.801e-08  1.169e-05 -2.276e-05 
 -3.845e-03 -1.278e-03 -2.247e-05  1.169e-05  3.327e-02  1.400e-02 
 -3.463e-03 -1.485e-02 -6.358e-05 -2.276e-05  1.400e-02  5.458e-01 
 PARAMETER  CORRELATION COEFFICIENTS  
       NO.  GLOBAL      1      2      3      4      5      6
        1  0.96404   1.000  0.481  0.742 -0.446 -0.886 -0.197
        2  0.94991   0.481  1.000  0.716  0.129 -0.284 -0.813
        3  0.91533   0.742  0.716  1.000 -0.213 -0.474 -0.331
        4  0.63906  -0.446  0.129 -0.213  1.000  0.383 -0.184
        5  0.92962  -0.886 -0.284 -0.474  0.383  1.000  0.104
        6  0.89417  -0.197 -0.813 -0.331 -0.184  0.104  1.000
fit status:  0 3
doublecb_RT0  -----> plotting  
Info in <TCanvas::MakeDefCanvas>:  created default TCanvas with name c1
setting nRT to  92305.0
Info in <TCanvas::Print>: pdf file fit_results_mass_checkOnMC/newbdt_puw/save_fit_mc_0_2018_RT_newSigmaFRT_asInANv8.pdf has been created
now fitting:  0  for   wrongTag
fitting the mc...
 **********
 **   10 **SET PRINT           1
 **********
 **********
 **   11 **SET NOGRAD
 **********
 PARAMETER DEFINITIONS:
    NO.   NAME         VALUE      STEP SIZE      LIMITS
     1 #alpha_{WT1}^{0}   5.00000e-01  2.50000e-01    0.00000e+00  1.00000e+01
     2 #alpha_{WT2}^{0}   2.50000e+00  1.00000e+00    0.00000e+00  1.00000e+01
     3 #sigma_{WT1}^{0}   3.00000e-02  1.50000e-02    0.00000e+00  1.00000e+00
     4 mean_{WT}^{0}   5.27958e+00  1.00000e-01    5.00000e+00  6.00000e+00
     5 n_{WT1}^{0}   1.00000e+00  4.95000e-01    1.00000e-02  1.00000e+02
     6 n_{WT2}^{0}   1.00000e+00  4.95000e-01    1.00000e-02  1.00000e+02
 **********
 **   12 **SET ERR         0.5
 **********
 **********
 **   13 **SET PRINT           1
 **********
 **********
 **   14 **SET STR           1
 **********
 NOW USING STRATEGY  1: TRY TO BALANCE SPEED AGAINST RELIABILITY
 **********
 **   15 **MIGRAD        3000           1
 **********
 FIRST CALL TO USER FUNCTION AT NEW START POINT, WITH IFLAG=4.
 START MIGRAD MINIMIZATION.  STRATEGY  1.  CONVERGENCE WHEN EDM .LT. 1.00e-03
 FCN=-11057.2 FROM MIGRAD    STATUS=INITIATE       24 CALLS          25 TOTAL
                     EDM= unknown      STRATEGY= 1      NO ERROR MATRIX       
  EXT PARAMETER               CURRENT GUESS       STEP         FIRST   
  NO.   NAME      VALUE            ERROR          SIZE      DERIVATIVE 
   1  #alpha_{WT1}^{0}   5.00000e-01   2.50000e-01   1.18625e-01  -9.36579e+03
   2  #alpha_{WT2}^{0}   2.50000e+00   1.00000e+00   2.35352e-01   6.52576e+03
   3  #sigma_{WT1}^{0}   3.00000e-02   1.50000e-02   9.09734e-02  -1.70775e+04
   4  mean_{WT}^{0}   5.27958e+00   1.00000e-01   2.26180e-01  -2.90662e+04
   5  n_{WT1}^{0}   1.00000e+00   4.95000e-01   5.17524e-02  -1.87040e+04
   6  n_{WT2}^{0}   1.00000e+00   4.95000e-01   5.17524e-02   4.96395e+03
                               ERR DEF= 0.5
 MIGRAD MINIMIZATION HAS CONVERGED.
 MIGRAD WILL VERIFY CONVERGENCE AND ERROR MATRIX.
 COVARIANCE MATRIX CALCULATED SUCCESSFULLY
 FCN=-13820.2 FROM MIGRAD    STATUS=CONVERGED     415 CALLS         416 TOTAL
                     EDM=1.65394e-05    STRATEGY= 1      ERROR MATRIX ACCURATE 
  EXT PARAMETER                                   STEP         FIRST   
  NO.   NAME      VALUE            ERROR          SIZE      DERIVATIVE 
   1  #alpha_{WT1}^{0}   7.06155e-01   4.53584e-02   2.94481e-04  -1.23000e-01
   2  #alpha_{WT2}^{0}   1.17298e+00   7.71351e-02   4.82197e-04  -4.07470e-01
   3  #sigma_{WT1}^{0}   4.61227e-02   1.73096e-03   1.72571e-04   9.70511e-01
   4  mean_{WT}^{0}   5.27008e+00   1.03733e-03   1.11747e-04   8.83280e-01
   5  n_{WT1}^{0}   1.07172e+01   3.07038e+00   2.92323e-03   1.13092e-02
   6  n_{WT2}^{0}   1.00085e+01   2.43729e+00   2.89485e-03  -7.17164e-02
                               ERR DEF= 0.5
 EXTERNAL ERROR MATRIX.    NDIM=  25    NPAR=  6    ERR DEF=0.5
  2.058e-03  2.216e-03  6.443e-05 -3.298e-05 -1.077e-01 -2.852e-02 
  2.216e-03  5.951e-03  1.093e-04 -1.952e-05 -5.497e-02 -1.452e-01 
  6.443e-05  1.093e-04  2.996e-06 -1.011e-06 -1.825e-03 -1.569e-03 
 -3.298e-05 -1.952e-05 -1.011e-06  1.076e-06  1.527e-03 -7.537e-05 
 -1.077e-01 -5.497e-02 -1.825e-03  1.527e-03  9.458e+00  5.126e-01 
 -2.852e-02 -1.452e-01 -1.569e-03 -7.537e-05  5.126e-01  5.954e+00 
 PARAMETER  CORRELATION COEFFICIENTS  
       NO.  GLOBAL      1      2      3      4      5      6
        1  0.97885   1.000  0.633  0.821 -0.701 -0.772 -0.258
        2  0.96876   0.633  1.000  0.819 -0.244 -0.232 -0.772
        3  0.96630   0.821  0.819  1.000 -0.563 -0.343 -0.372
        4  0.80826  -0.701 -0.244 -0.563  1.000  0.479 -0.030
        5  0.93073  -0.772 -0.232 -0.343  0.479  1.000  0.068
        6  0.90119  -0.258 -0.772 -0.372 -0.030  0.068  1.000
 **********
 **   16 **SET ERR         0.5
 **********
 **********
 **   17 **SET PRINT           1
 **********
 **********
 **   18 **HESSE        3000
 **********
 COVARIANCE MATRIX CALCULATED SUCCESSFULLY
 FCN=-13820.2 FROM HESSE     STATUS=OK             40 CALLS         456 TOTAL
                     EDM=1.70098e-05    STRATEGY= 1      ERROR MATRIX ACCURATE 
  EXT PARAMETER                                INTERNAL      INTERNAL  
  NO.   NAME      VALUE            ERROR       STEP SIZE       VALUE   
   1  #alpha_{WT1}^{0}   7.06155e-01   4.65894e-02   5.88962e-05  -1.03286e+00
   2  #alpha_{WT2}^{0}   1.17298e+00   7.99454e-02   9.64395e-05  -8.71670e-01
   3  #sigma_{WT1}^{0}   4.61227e-02   1.76520e-03   3.45142e-05  -1.13790e+00
   4  mean_{WT}^{0}   5.27008e+00   1.04578e-03   2.23493e-05  -4.77805e-01
   5  n_{WT1}^{0}   1.07172e+01   3.15825e+00   1.16929e-04  -9.04044e-01
   6  n_{WT2}^{0}   1.00085e+01   2.52430e+00   1.15794e-04  -9.27313e-01
                               ERR DEF= 0.5
 EXTERNAL ERROR MATRIX.    NDIM=  25    NPAR=  6    ERR DEF=0.5
  2.171e-03  2.371e-03  6.757e-05 -3.428e-05 -1.148e-01 -3.236e-02 
  2.371e-03  6.393e-03  1.162e-04 -2.058e-05 -6.034e-02 -1.587e-01 
  6.757e-05  1.162e-04  3.116e-06 -1.041e-06 -1.964e-03 -1.759e-03 
 -3.428e-05 -2.058e-05 -1.041e-06  1.094e-06  1.620e-03 -5.932e-05 
 -1.148e-01 -6.034e-02 -1.964e-03  1.620e-03  1.001e+01  6.100e-01 
 -3.236e-02 -1.587e-01 -1.759e-03 -5.932e-05  6.100e-01  6.387e+00 
 PARAMETER  CORRELATION COEFFICIENTS  
       NO.  GLOBAL      1      2      3      4      5      6
        1  0.97997   1.000  0.636  0.822 -0.704 -0.779 -0.275
        2  0.97096   0.636  1.000  0.823 -0.246 -0.239 -0.786
        3  0.96762   0.822  0.823  1.000 -0.564 -0.352 -0.394
        4  0.81171  -0.704 -0.246 -0.564  1.000  0.490 -0.022
        5  0.93467  -0.779 -0.239 -0.352  0.490  1.000  0.076
        6  0.90823  -0.275 -0.786 -0.394 -0.022  0.076  1.000
Info in <TCanvas::Print>: pdf file fit_results_mass_checkOnMC/newbdt_puw/save_fit_mc_0_2018_WT_newSigmaFRT_asInANv8.pdf has been created
fit status:  0 3
doublecb_0  -----> plotting  
setting nWT to  12519.0
mistag fraction on MC for bin  0  :  0.119428756773 +/- 0.269152750946
constraining var #sigma_{RT1}^{0} :  0.0307743050999  with uncertainty  0.000259926880192
constraining var #alpha_{RT1}^{0} :  1.2172273061  with uncertainty  0.023805901674
constraining var n_{RT1}^{0} :  3.94133908057  with uncertainty  0.182374470065
constraining var #sigma_{WT1}^{0} :  0.0461226616583  with uncertainty  0.00176519765775
constraining var #alpha_{WT1}^{0} :  0.706155420291  with uncertainty  0.0465894428934
constraining var #alpha_{WT2}^{0} :  1.17297608777  with uncertainty  0.079945364585
constraining var n_{WT1}^{0} :  10.717229319  with uncertainty  3.15825085853
constraining var n_{WT2}^{0} :  10.0084523707  with uncertainty  2.52429661864
constraining var #alpha_{RT2}^{0} :  1.28522710684  with uncertainty  0.0247121145597
constraining var n_{RT2}^{0} :  9.23747615353  with uncertainty  0.738697616361
nsig is
104824.0
here
total pdf created
Minuit2Minimizer: Minimize with max-calls 7500 convergence for edm < 1 strategy 2
Info in <Minuit2>: MnSeedGenerator Initial state: FCN =       99993.73657 Edm =       116140.2979 NCalls =     47
Info in <Minuit2>: MnSeedGenerator Negative G2 found - new state: 
  Minimum value : 72007.35676
  Edm           : 90558.39365
  Internal parameters:
     -1.223672284
    -0.8374737664
     -1.032862055
    -0.8716700799
     -1.218119267
     -1.137900314
     -0.911383335
    -0.8650728059
     -1.548706783
     -1.628967229
    -0.9534751415
    -0.9040435291
    -0.9273134744
     -1.485490177
      1.597656521
  Internal gradient  :
 -3.429482823e+10
     -2353.811669
    0.02877500241
    0.02041864471
      19010.97974
    0.03714957879
      219495.9112
     0.0201470259
      169.8999767
     -20214.18956
     -261.8732393
    0.02181248203
    0.02288953876
      8336.039474
      9.199509924
  Internal covariance matrix:
  1.7014004e-17              0              0              0              0              0              0              0              0              0              0              0              0              0              0
              0  4.6774294e-05              0              0              0              0              0              0              0              0              0              0              0              0              0
              0              0  0.00066146597              0              0              0              0              0              0              0              0              0              0              0              0
              0              0              0    0.001234562              0              0              0              0              0              0              0              0              0              0              0
              0              0              0              0  4.0993891e-06              0              0              0              0              0              0              0              0              0              0
              0              0              0              0              0   0.0001416475              0              0              0              0              0              0              0              0              0
              0              0              0              0              0              0  6.9750236e-06              0              0              0              0              0              0              0              0
              0              0              0              0              0              0              0   0.0042789652              0              0              0              0              0              0              0
              0              0              0              0              0              0              0              0  0.00026015175              0              0              0              0              0              0
              0              0              0              0              0              0              0              0              0  7.3509131e-06              0              0              0              0              0
              0              0              0              0              0              0              0              0              0              0  0.00063650249              0              0              0              0
              0              0              0              0              0              0              0              0              0              0              0    0.020867361              0              0              0
              0              0              0              0              0              0              0              0              0              0              0              0    0.014163302              0              0
              0              0              0              0              0              0              0              0              0              0              0              0              0   1.987161e-05              0
              0              0              0              0              0              0              0              0              0              0              0              0              0              0   0.0058371361
Info in <Minuit2>: MnSeedGenerator run Hesse - new state: 
  Minimum value : 72007.35676
  Edm           : 86993.48069
  Internal parameters:
     -1.223672284
    -0.8374737664
     -1.032862055
    -0.8716700799
     -1.218119267
     -1.137900314
     -0.911383335
    -0.8650728059
     -1.548706783
     -1.628967229
    -0.9534751415
    -0.9040435291
    -0.9273134744
     -1.485490177
      1.597656521
  Internal gradient  :
      3676.792591
     -2353.798927
  4.604319589e-05
  1.382871298e-06
       19010.9437
  5.937225058e-05
      219495.9155
   1.06113541e-06
       169.900325
     -20214.24174
     -261.8626729
   3.49045688e-05
  3.662837002e-05
      8336.039958
      9.199254417
  Internal covariance matrix:
  1.7014006e-17  1.8208813e-19 -4.1656456e-23 -9.9162149e-27  -4.516203e-19  -3.358892e-27 -1.8959961e-19  2.1181808e-22  7.8494198e-20  1.7199546e-18  1.6692496e-20 -2.3397118e-22 -1.9275731e-22  8.2944006e-21  4.7821802e-22
  1.8208813e-19  5.0670213e-05  1.5492758e-14 -1.0911738e-13  1.7798121e-06 -3.6960848e-14  1.1503728e-06 -2.0314533e-13 -5.4822388e-08 -9.8123007e-08 -4.2142978e-05  8.7017937e-14  7.1689785e-14  4.4969396e-07  4.9222011e-08
 -4.1656456e-23  1.5492758e-14  0.00066146597  -3.829838e-13 -2.6700338e-14 -1.2972641e-13  2.2864525e-14 -7.1300622e-13 -1.6946043e-15 -5.3887073e-14 -3.0112457e-13 -3.1491093e-12 -2.5943958e-12  4.6267788e-14  7.9726344e-13
 -9.9162149e-27 -1.0911738e-13  -3.829838e-13    0.001234562 -2.7588423e-15  3.0827054e-22 -1.1097609e-14  8.6867537e-22 -2.3931056e-13 -4.1968742e-14  9.1585001e-14 -2.1510992e-12 -1.7721845e-12 -1.0205875e-15 -1.1246477e-16
  -4.516203e-19  1.7798121e-06 -2.6700338e-14 -2.7588423e-15  4.3276446e-06 -9.3449046e-16 -9.7344441e-07 -5.1361749e-15  1.9706585e-07 -2.3245139e-07  2.6193882e-06 -1.4996738e-13 -1.2355072e-13 -9.6954725e-08 -1.2343067e-08
  -3.358892e-27 -3.6960848e-14 -1.2972641e-13  3.0827054e-22 -9.3449046e-16   0.0001416475  -3.759044e-15  5.7391151e-22 -8.1060609e-14 -1.4215886e-14  3.1022182e-14 -7.2863232e-13  6.0028422e-13 -3.4569906e-16 -3.8094383e-17
 -1.8959961e-19  1.1503728e-06  2.2864525e-14 -1.1097609e-14 -9.7344441e-07  -3.759044e-15  7.5936646e-06 -2.0660572e-14 -6.1968848e-07  1.6710168e-06  6.6584052e-07  1.2842283e-13  1.0580123e-13  2.0939054e-08  6.0306897e-10
  2.1181808e-22 -2.0314533e-13 -7.1300622e-13  8.6867537e-22 -5.1361749e-15  5.7391151e-22 -2.0660572e-14   0.0042789652 -4.4552778e-13 -7.8133785e-14  1.7050506e-13  4.0047311e-12  3.2993003e-12 -1.9000415e-15 -2.0937378e-16
  7.8494198e-20 -5.4822388e-08 -1.6946043e-15 -2.3931056e-13  1.9706585e-07 -8.1060609e-14 -6.1968848e-07 -4.4552778e-13  0.00026020781 -2.6049274e-07   2.767809e-07 -9.5180587e-15 -7.8414597e-15 -2.3069178e-08 -4.2307019e-09
  1.7199546e-18 -9.8123007e-08 -5.3887073e-14 -4.1968742e-14 -2.3245139e-07 -1.4215886e-14  1.6710168e-06 -7.8133785e-14 -2.6049274e-07  7.7216077e-06 -1.0857271e-07  -3.026667e-13 -2.4935216e-13  1.2431586e-08  1.7852005e-09
  1.6692496e-20 -4.2142978e-05 -3.0112457e-13  9.1585001e-14  2.6193882e-06  3.1022182e-14  6.6584052e-07  1.7050506e-13   2.767809e-07 -1.0857271e-07  0.00067672128 -1.6913217e-12 -1.3933965e-12  1.8116816e-06  2.0146976e-09
 -2.3397118e-22  8.7017937e-14 -3.1491093e-12 -2.1510992e-12 -1.4996738e-13 -7.2863232e-13  1.2842283e-13  4.0047311e-12 -9.5180587e-15  -3.026667e-13 -1.6913217e-12    0.020867361 -1.4571903e-11  2.5987158e-13  4.4779773e-12
 -1.9275731e-22  7.1689785e-14 -2.5943958e-12 -1.7721845e-12 -1.2355072e-13  6.0028422e-13  1.0580123e-13  3.2993003e-12 -7.8414597e-15 -2.4935216e-13 -1.3933965e-12 -1.4571903e-11    0.014163302  2.1409537e-13  3.6891846e-12
  8.2944006e-21  4.4969396e-07  4.6267788e-14 -1.0205875e-15 -9.6954725e-08 -3.4569906e-16  2.0939054e-08 -1.9000415e-15 -2.3069178e-08  1.2431586e-08  1.8116816e-06  2.5987158e-13  2.1409537e-13  1.9926552e-05 -1.5218898e-05
  4.7821802e-22  4.9222011e-08  7.9726344e-13 -1.1246477e-16 -1.2343067e-08 -3.8094383e-17  6.0306897e-10 -2.0937378e-16 -4.2307019e-09  1.7852005e-09  2.0146976e-09  4.4779773e-12  3.6891846e-12 -1.5218898e-05   0.0058487701
Info in <Minuit2>: VariableMetricBuilder Start iterating until Edm is < 0.001 with call limit = 7500
Info in <Minuit2>: VariableMetricBuilder    0 - FCN =       72007.35676 Edm =       86993.48069 NCalls =    625
Info in <Minuit2>: VariableMetricBuilder    1 - FCN =       17001.89463 Edm =       53309.83197 NCalls =    669
Info in <Minuit2>: VariableMetricBuilder    2 - FCN =      -737.5830511 Edm =       19607.33108 NCalls =    713
Info in <Minuit2>: VariableMetricBuilder    3 - FCN =      -1117.943301 Edm =       17298.12445 NCalls =    764
Minuit2:0: RuntimeWarning: DavidonErrorUpdator delgam < 0 : first derivatives increasing along search line
Info in <Minuit2>: VariableMetricBuilder    4 - FCN =      -1118.231095 Edm =       917799.3736 NCalls =    804
Minuit2:0: RuntimeWarning: VariableMetricBuilder Matrix not pos.def, gdel = 260.241 > 0
Minuit2:0: RuntimeWarning: MnPosDef non-positive diagonal element in covariance matrix[ 0 ] = -8.38244e-21
Minuit2:0: RuntimeWarning: MnPosDef Added to diagonal of Error matrix a value 0.500001
Minuit2:0: RuntimeWarning: VariableMetricBuilder gdel = -3.84183e+22
Minuit2:0: RuntimeWarning: VariableMetricBuilder No improvement in line search
Info in <Minuit2>: VariableMetricBuilder    5 - FCN =      -1118.231095 Edm =       917799.3736 NCalls =    815
Minuit2:0: RuntimeWarning: VariableMetricBuilder Iterations finish without convergence; Edm 918835 Requested 0.001
Minuit2:0: RuntimeWarning: MnPosDef non-positive diagonal element in covariance matrix[ 8 ] = -452.859
Minuit2:0: RuntimeWarning: MnPosDef non-positive diagonal element in covariance matrix[ 9 ] = -319.951
Minuit2:0: RuntimeWarning: MnPosDef non-positive diagonal element in covariance matrix[ 14 ] = -7.08589
Minuit2:0: RuntimeWarning: MnPosDef Added to diagonal of Error matrix a value 453.359
Minuit2:0: RuntimeWarning: MnPosDef Matrix forced pos-def by adding to diagonal 0.447689
Info in <Minuit2>: VariableMetricBuilder After Hessian
Info in <Minuit2>: VariableMetricBuilder    6 - FCN =      -1118.231095 Edm =       303171.6315 NCalls =    999
Info in <Minuit2>: VariableMetricBuilder Tolerance not sufficient, continue minimization; Edm 303172 Required 0.001
Minuit2:0: RuntimeWarning: DavidonErrorUpdator delgam < 0 : first derivatives increasing along search line
Info in <Minuit2>: VariableMetricBuilder    7 - FCN =      -1625.274857 Edm =       17724289.71 NCalls =   1048
Minuit2:0: RuntimeWarning: VariableMetricBuilder Matrix not pos.def, gdel = 4385.09 > 0
Minuit2:0: RuntimeWarning: MnPosDef Matrix forced pos-def by adding to diagonal 0.0550194
Minuit2:0: RuntimeWarning: VariableMetricBuilder gdel = -2256.49
Info in <Minuit2>: VariableMetricBuilder    8 - FCN =      -1704.278717 Edm =       53346.76622 NCalls =   1085
Info in <Minuit2>: VariableMetricBuilder    9 - FCN =      -1732.621976 Edm =       369.3788695 NCalls =   1123
Info in <Minuit2>: VariableMetricBuilder   10 - FCN =      -1834.116597 Edm =       226.7328602 NCalls =   1160
Info in <Minuit2>: VariableMetricBuilder   11 - FCN =      -1836.392939 Edm =       483.0604907 NCalls =   1197
Info in <Minuit2>: VariableMetricBuilder   12 - FCN =      -1836.408455 Edm =       652.6971486 NCalls =   1235
Minuit2:0: RuntimeWarning: VariableMetricBuilder No improvement in line search
Info in <Minuit2>: VariableMetricBuilder   13 - FCN =      -1836.408455 Edm =       652.6971486 NCalls =   1246
Minuit2:0: RuntimeWarning: VariableMetricBuilder Iterations finish without convergence; Edm 3164.97 Requested 0.001
Minuit2:0: RuntimeWarning: VariableMetricBuilder FunctionMinimum is invalid after second try
Minuit2:0: RuntimeWarning: Minuit2Minimizer::Minimize Minimization did NOT converge, Edm is above max
Minuit2Minimizer : Invalid Minimum - status = 3
FVAL  = -1836.41
Edm   = 652.697
Nfcn  = 1235
Info in <Minuit2>: Minuit2Minimizer::Hesse Using max-calls 7500
Minuit2:0: RuntimeWarning: MnPosDef non-positive diagonal element in covariance matrix[ 14 ] = -4.28877
Minuit2:0: RuntimeWarning: MnPosDef Added to diagonal of Error matrix a value 4.78877
Info in <Minuit2>: Minuit2Minimizer::Hesse Hesse is valid - matrix is accurate
fit with Hesse strategy 2 done, now Minos
Minuit2Minimizer: Minimize with max-calls 7500 convergence for edm < 1 strategy 2
Info in <Minuit2>: MnSeedGenerator Initial state: FCN =      -1836.408455 Edm =       86.82708672 NCalls =     35
Info in <Minuit2>: MnSeedGenerator Negative G2 found - new state: 
  Minimum value : -1876.851025
  Edm           : 4306.031101
  Internal parameters:
     -1.210721408
    -0.8513780171
     -1.032861832
    -0.8716702377
     -1.205777261
     -1.137900266
      -1.52919084
    -0.8650732999
    -0.4486638251
    -0.5460629075
    -0.9384002929
     -0.904029584
    -0.9273041316
     -1.559572744
    0.08581998271
  Internal gradient  :
     -2848.675996
     -138.0421782
   0.001424860085
  0.0002767207385
      5192.053646
   0.001656997686
     -635.4428549
  0.0002943643735
     -261.9020636
      228.4987813
      35.02255758
   0.001905261046
   0.001916074738
     -716.1401976
     0.4601103302
  Internal covariance matrix:
   0.0020810942              0              0              0              0              0              0              0              0              0              0              0              0              0              0
              0  0.00011395553              0              0              0              0              0              0              0              0              0              0              0              0              0
              0              0  0.00066146793              0              0              0              0              0              0              0              0              0              0              0              0
              0              0              0   0.0012345633              0              0              0              0              0              0              0              0              0              0              0
              0              0              0              0  4.0332175e-06              0              0              0              0              0              0              0              0              0              0
              0              0              0              0              0  0.00014164773              0              0              0              0              0              0              0              0              0
              0              0              0              0              0              0  2.1600564e-06              0              0              0              0              0              0              0              0
              0              0              0              0              0              0              0    0.004278976              0              0              0              0              0              0              0
              0              0              0              0              0              0              0              0   0.0024481358              0              0              0              0              0              0
              0              0              0              0              0              0              0              0              0    0.000857997              0              0              0              0              0
              0              0              0              0              0              0              0              0              0              0   0.0012539785              0              0              0              0
              0              0              0              0              0              0              0              0              0              0              0    0.020866764              0              0              0
              0              0              0              0              0              0              0              0              0              0              0              0    0.014163146              0              0
              0              0              0              0              0              0              0              0              0              0              0              0              0  1.9684665e-05              0
              0              0              0              0              0              0              0              0              0              0              0              0              0              0    0.069948912
Info in <Minuit2>: MnSeedGenerator run Hesse - new state: 
  Minimum value : -1876.851025
  Edm           : 11391.3356
  Internal parameters:
     -1.210721408
    -0.8513780171
     -1.032861832
    -0.8716702377
     -1.205777261
     -1.137900266
      -1.52919084
    -0.8650732999
    -0.4486638251
    -0.5460629075
    -0.9384002929
     -0.904029584
    -0.9273041316
     -1.559572744
    0.08581998271
  Internal gradient  :
     -2848.678563
     -138.0426079
  0.0006758500732
 -0.0002555757587
      5192.052615
   0.000688545155
     -635.4397965
 -0.0002308772077
     -261.9033893
      228.4985526
      35.02195633
   0.001337452293
   0.001320234756
     -716.1464203
     0.4605359144
  Internal covariance matrix:
   0.0061288228  0.00010707123  2.3014437e-13 -4.6505749e-12  1.5682619e-05  8.9341182e-15  -0.0001441809 -4.9103988e-14  -0.0045963946 -0.00038105466  0.00026666528 -4.4225554e-13 -8.9336042e-14  0.00062885848   -0.036496579
  0.00010707123  0.00012247082  3.2448668e-14 -1.2272753e-13  5.1463704e-08 -3.4212933e-14 -5.0056221e-06  1.8804224e-13 -5.1355779e-05 -5.4007964e-06  1.3863557e-05 -4.4388296e-13  3.4210967e-13  2.8972685e-05  -0.0013422284
  2.3014437e-13  3.2448668e-14  0.00066146793 -8.0290707e-22 -1.4062871e-14 -7.7747032e-14 -1.9601809e-14  4.2731578e-13 -9.3211683e-13   2.710292e-15 -1.4425826e-13 -9.4364047e-13  7.7742565e-13  2.0145158e-13 -1.0666894e-11
 -4.6505749e-12 -1.2272753e-13 -8.0290707e-22   0.0012345633  -2.833605e-14 -1.0621506e-13  1.2958873e-13 -5.8378268e-13  4.6250316e-12  2.6249461e-13 -6.2991511e-13  -1.289166e-12 -1.0620896e-12 -7.2861441e-13  4.0621505e-11
  1.5682619e-05  5.1463704e-08 -1.4062871e-14  -2.833605e-14  4.1633098e-06  6.5324204e-17  -1.413498e-07   -3.59037e-16 -2.0877239e-05 -7.7441528e-07   2.286032e-07  3.2077108e-16 -6.5320447e-16  2.4948657e-07 -3.2025073e-05
  8.9341182e-15 -3.4212933e-14 -7.7747032e-14 -1.0621506e-13  6.5324204e-17  0.00014164773  6.7656038e-16 -1.0422158e-22 -1.0686562e-14 -8.9605244e-14 -2.5564965e-15  4.5725726e-22 -1.8961277e-22 -4.9376073e-15  1.8751255e-13
  -0.0001441809 -5.0056221e-06 -1.9601809e-14  1.2958873e-13  -1.413498e-07  6.7656038e-16  6.8801564e-06 -3.7185334e-15  0.00013340601   7.213467e-06 -1.1898732e-05  3.2783759e-14 -6.7652154e-15 -2.4848617e-05   0.0013313185
 -4.9103988e-14  1.8804224e-13  4.2731578e-13 -5.8378268e-13   -3.59037e-16 -1.0422158e-22 -3.7185334e-15    0.004278976  5.8735828e-14  4.9249127e-13    1.40511e-14 -1.2939874e-21  2.0466074e-21  2.7138239e-14 -1.0306127e-12
  -0.0045963946 -5.1355779e-05 -9.3211683e-13  4.6250316e-12 -2.0877239e-05 -1.0686562e-14  0.00013340601  5.8735828e-14   0.0065131054   0.0002447865 -0.00023691802  3.5955436e-13  1.0685947e-13 -0.00067120565    0.035323997
 -0.00038105466 -5.4007964e-06   2.710292e-15  2.6249461e-13 -7.7441528e-07 -8.9605244e-14   7.213467e-06  4.9249127e-13   0.0002447865  0.00088295463 -1.3364401e-05 -1.0599685e-12  8.9600096e-13 -3.1853903e-05   0.0018751829
  0.00026666528  1.3863557e-05 -1.4425826e-13 -6.2991511e-13   2.286032e-07 -2.5564965e-15 -1.1898732e-05    1.40511e-14 -0.00023691802 -1.3364401e-05   0.0012904271 -2.6958963e-12  2.5563497e-14  6.8323262e-05   -0.003127378
 -4.4225554e-13 -4.4388296e-13 -9.4364047e-13  -1.289166e-12  3.2077108e-16  4.5725726e-22  3.2783759e-14 -1.2939874e-21  3.5955436e-13 -1.0599685e-12 -2.6958963e-12    0.020866764 -2.3541818e-21 -2.0102401e-13  8.7342632e-12
 -8.9336042e-14  3.4210967e-13  7.7742565e-13 -1.0620896e-12 -6.5320447e-16 -1.8961277e-22 -6.7652154e-15  2.0466074e-21  1.0685947e-13  8.9600096e-13  2.5563497e-14 -2.3541818e-21    0.014163146  4.9373237e-14 -1.8750179e-12
  0.00062885848  2.8972685e-05  2.0145158e-13 -7.2861441e-13  2.4948657e-07 -4.9376073e-15 -2.4848617e-05  2.7138239e-14 -0.00067120565 -3.1853903e-05  6.8323262e-05 -2.0102401e-13  4.9373237e-14  0.00014171656  -0.0071089544
   -0.036496579  -0.0013422284 -1.0666894e-11  4.0621505e-11 -3.2025073e-05  1.8751255e-13   0.0013313185 -1.0306127e-12    0.035323997   0.0018751829   -0.003127378  8.7342632e-12 -1.8750179e-12  -0.0071089544     0.43481876
Info in <Minuit2>: VariableMetricBuilder Start iterating until Edm is < 0.001 with call limit = 7500
Info in <Minuit2>: VariableMetricBuilder    0 - FCN =      -1876.851025 Edm =        11391.3356 NCalls =    386
Info in <Minuit2>: VariableMetricBuilder    1 - FCN =      -2228.757339 Edm =       41622.43906 NCalls =    431
Info in <Minuit2>: VariableMetricBuilder    2 - FCN =       -2365.62287 Edm =       5309.509798 NCalls =    482
Info in <Minuit2>: VariableMetricBuilder    3 - FCN =      -2463.945597 Edm =       119.5364462 NCalls =    524
Info in <Minuit2>: VariableMetricBuilder    4 - FCN =      -2519.175661 Edm =       37.16207739 NCalls =    560
Info in <Minuit2>: VariableMetricBuilder    5 - FCN =      -2589.751933 Edm =       94.22160927 NCalls =    598
Info in <Minuit2>: VariableMetricBuilder    6 - FCN =      -2631.787705 Edm =       36.06464971 NCalls =    632
Info in <Minuit2>: VariableMetricBuilder    7 - FCN =      -2671.851242 Edm =       7.618203167 NCalls =    670
Info in <Minuit2>: VariableMetricBuilder    8 - FCN =      -2679.784512 Edm =       1.056078343 NCalls =    706
Info in <Minuit2>: VariableMetricBuilder    9 - FCN =       -2680.57143 Edm =     0.02063602114 NCalls =    738
Info in <Minuit2>: VariableMetricBuilder   10 - FCN =      -2680.592245 Edm =    0.000399888762 NCalls =    769
Minuit2:0: RuntimeWarning: MnPosDef non-positive diagonal element in covariance matrix[ 14 ] = -32.8107
Minuit2:0: RuntimeWarning: MnPosDef Added to diagonal of Error matrix a value 33.3107
Info in <Minuit2>: VariableMetricBuilder After Hessian
Info in <Minuit2>: VariableMetricBuilder   11 - FCN =      -2680.592245 Edm =      0.0308283277 NCalls =    947
Info in <Minuit2>: VariableMetricBuilder Tolerance not sufficient, continue minimization; Edm 0.0308283 Required 0.001
Info in <Minuit2>: VariableMetricBuilder   12 - FCN =      -2685.595269 Edm =       17.54102657 NCalls =    990
Info in <Minuit2>: VariableMetricBuilder   13 - FCN =      -2685.680101 Edm =       3.042264112 NCalls =   1025
Info in <Minuit2>: VariableMetricBuilder   14 - FCN =      -2688.728708 Edm =      0.2675805843 NCalls =   1060
Info in <Minuit2>: VariableMetricBuilder   15 - FCN =       -2688.92527 Edm =     0.01431193467 NCalls =   1092
Info in <Minuit2>: VariableMetricBuilder   16 - FCN =      -2688.937896 Edm =   0.0001124560615 NCalls =   1124
Info in <Minuit2>: VariableMetricBuilder After Hessian
Info in <Minuit2>: VariableMetricBuilder   17 - FCN =      -2688.937896 Edm =    0.000104699799 NCalls =   1302
Minuit2Minimizer : Valid minimum - status = 0
FVAL  = -2688.93789562791653
Edm   = 0.000104699798957048722
Nfcn  = 1302
#alpha_{RT1}^{0}	  = 1.21393	 +/-  0.0237703	(limited)
#alpha_{RT2}^{0}	  = 1.28726	 +/-  0.024553	(limited)
#alpha_{WT1}^{0}	  = 0.706154	 +/-  0.0465869	(limited)
#alpha_{WT2}^{0}	  = 1.17297	 +/-  0.0799372	(limited)
#sigma_{RT1}^{0}	  = 0.0307685	 +/-  0.000258942	(limited)
#sigma_{WT1}^{0}	  = 0.0461226	 +/-  0.00176518	(limited)
Yield	  = 266.25	 +/-  19.3432	(limited)
f_{M}^{0}	  = 0.119428	 +/-  0.0149947	(limited)
mean_{RT}^{0}	  = 5.2767	 +/-  0.00263774	(limited)
n_{RT1}^{0}	  = 3.9273	 +/-  0.182889	(limited)
n_{RT2}^{0}	  = 9.26618	 +/-  0.735391	(limited)
n_{WT1}^{0}	  = 10.7169	 +/-  3.15278	(limited)
n_{WT2}^{0}	  = 10.0082	 +/-  2.52133	(limited)
nbkg	  = 321.517	 +/-  31.9478	(limited)
slope	  = -6.17733	 +/-  0.728636	(limited)
Info in <Minuit2>: Minuit2Minimizer::Hesse Using max-calls 7500
Info in <Minuit2>: Minuit2Minimizer::Hesse Hesse is valid - matrix is accurate
******************************************************************************************************
Minuit2Minimizer::GetMinosError - Run MINOS LOWER error for parameter #0 : #alpha_{RT1}^{0} using max-calls 7500, tolerance 1
Info in <Minuit2>: MnMinos Determination of lower Minos error for parameter 0
Info in <Minuit2>: MnFunctionCross Run Migrad with fixed parameters:
  Pos 0: #alpha_{RT1}^{0} = 1.19016
Info in <Minuit2>: MnSeedGenerator Initial state: FCN =      -2688.441445 Edm =    0.000125114832 NCalls =     29
Info in <Minuit2>: VariableMetricBuilder Start iterating until Edm is < 0.0005 with call limit = 7500
Info in <Minuit2>: VariableMetricBuilder    0 - FCN =      -2688.441445 Edm =    0.000125114832 NCalls =     29
Info in <Minuit2>: VariableMetricBuilder    1 - FCN =      -2688.441515 Edm =   1.347889224e-05 NCalls =     59
