
[1mRooFit v3.60 -- Developed by Wouter Verkerke and David Kirkby[0m 
                Copyright (C) 2000-2013 NIKHEF, University of California & Stanford University
                All rights reserved, please read http://roofit.sourceforge.net/license.txt

Error in <TUnixSystem::FindDynamicLibrary>: ../utils/func_roofit/libRooGaussDoubleSidedExp[.so | .dll | .dylib | .sl | .dl | .a] does not exist in /cvmfs/sw.el7/gcc63/root/6.24.06/b01/lib64:/cvmfs/sw.el7/gcc63/root/6.24.06/b01/lib:/cvmfs/sw.el7/gcc63/pythia/8.2.40/b02/lib:/cvmfs/sw.el7/gcc/6.3/lib64:/cvmfs/sw.el7/gcc/6.3/lib:/cvmfs/sw.el7/gcc/6.3/libexec/gcc/x86_64-unknown-linux-gnu/6.3.1:.:/cvmfs/sw.el7/gcc63/root/6.24.06/b01/lib:/lib64/tls/x86_64:/lib64/tls:/lib64/x86_64:/lib64:/usr/lib64/tls/x86_64:/usr/lib64/tls:/usr/lib64/x86_64:/usr/lib64:/cvmfs/sw.el7/gcc63/root/6.24.06/b01/python/lib:/cvmfs/sw.el7/gcc63/root/6.24.06
start function declaration
mc file name: /lstore/cms/boletti/Run2-BdToKstarMuMu/2018MC_PSI_newphi_punzi_removeTkMu_fixBkg_B0Psicut_addxcutvariable.root
data file name: /lstore/cms/boletti/Run2-BdToKstarMuMu/2018data_newphi_punzi_removeTkMu_fixBkg_B0Psicut_addxcutvariable.root
reading data...
[#0] ERROR:InputArguments -- Didn't find a branch in Tree 'ntuple' to read variable 'weight' from.
	Note: Name the RooFit variable the same as the branch.
it worked :)
reading monte carlo...
dimuon selection:  keepPsiP
dimuon selection:  keepPsiP
dimuon selection:  keepPsiP
dimuon selection:  keepPsiP
dimuon selection:  keepPsiP
dimuon selection:  keepPsiP
dimuon selection:  keepPsiP
now fitting:  6  for  correctTag  
fitting the mc...
 **********
 **    1 **SET PRINT           1
 **********
 **********
 **    2 **SET NOGRAD
 **********
 PARAMETER DEFINITIONS:
    NO.   NAME         VALUE      STEP SIZE      LIMITS
     1 #alpha_{RT1}^{6}   1.50000e+00  7.50000e-01    0.00000e+00  1.00000e+01
     2 #alpha_{RT2}^{6}  -2.00000e+00  1.00000e+00   -1.00000e+01  0.00000e+00
     3 #sigma_{RT1}^{6}   2.80000e-02  1.40000e-02    0.00000e+00  1.00000e+00
     4 #sigma_{RT2}^{6}   4.80000e-02  2.40000e-02    0.00000e+00  1.00000e+00
     5 f^{RT6}      8.00000e-01  1.00000e-01    0.00000e+00  1.00000e+00
     6 mean_{RT}^{6}   5.27958e+00  3.97900e-02    5.20000e+00  5.80000e+00
     7 n_{RT1}^{6}   1.00000e+00  4.99500e-01    1.00000e-03  2.00000e+02
     8 n_{RT2}^{6}   1.00000e+00  4.99500e-01    1.00000e-03  2.00000e+02
 **********
 **    3 **SET ERR         0.5
 **********
 **********
 **    4 **SET PRINT           1
 **********
 **********
 **    5 **SET STR           1
 **********
 NOW USING STRATEGY  1: TRY TO BALANCE SPEED AGAINST RELIABILITY
 **********
 **    6 **MIGRAD        4000           1
 **********
 FIRST CALL TO USER FUNCTION AT NEW START POINT, WITH IFLAG=4.
 START MIGRAD MINIMIZATION.  STRATEGY  1.  CONVERGENCE WHEN EDM .LT. 1.00e-03
 FCN=-347762 FROM MIGRAD    STATUS=INITIATE       36 CALLS          37 TOTAL
                     EDM= unknown      STRATEGY= 1      NO ERROR MATRIX       
  EXT PARAMETER               CURRENT GUESS       STEP         FIRST   
  NO.   NAME      VALUE            ERROR          SIZE      DERIVATIVE 
   1  #alpha_{RT1}^{6}   1.50000e+00   7.50000e-01   2.16811e-01  -8.16858e+04
   2  #alpha_{RT2}^{6}  -2.00000e+00   1.00000e+00   2.57889e-01   1.18991e+04
   3  #sigma_{RT1}^{6}   2.80000e-02   1.40000e-02   8.78020e-02  -2.78353e+04
   4  #sigma_{RT2}^{6}   4.80000e-02   2.40000e-02   1.16111e-01   1.40787e+04
   5  f^{RT6}      8.00000e-01   1.00000e-01   2.57889e-01   5.18928e+03
   6  mean_{RT}^{6}   5.27958e+00   3.97900e-02   2.01879e-01  -5.57319e+04
   7  n_{RT1}^{6}   1.00000e+00   4.99500e-01   3.66720e-02  -2.06343e+05
   8  n_{RT2}^{6}   1.00000e+00   4.99500e-01   3.66720e-02  -1.74314e+04
                               ERR DEF= 0.5
 MIGRAD MINIMIZATION HAS CONVERGED.
 MIGRAD WILL VERIFY CONVERGENCE AND ERROR MATRIX.
 COVARIANCE MATRIX CALCULATED SUCCESSFULLY
 FCN=-359815 FROM MIGRAD    STATUS=CONVERGED     631 CALLS         632 TOTAL
                     EDM=0.000139761    STRATEGY= 1      ERROR MATRIX ACCURATE 
  EXT PARAMETER                                   STEP         FIRST   
  NO.   NAME      VALUE            ERROR          SIZE      DERIVATIVE 
   1  #alpha_{RT1}^{6}   1.23152e+00   4.26483e-02   1.27029e-03   3.79725e-01
   2  #alpha_{RT2}^{6}  -2.93967e+00   6.80138e-02   3.15775e-03  -2.06713e-01
   3  #sigma_{RT1}^{6}   2.47308e-02   4.05568e-04   3.45923e-04   1.83686e+00
   4  #sigma_{RT2}^{6}   4.05594e-02   2.58331e-04   2.15653e-04   7.49261e-01
   5  f^{RT6}      4.11215e-01   1.61257e-02   3.91790e-03  -1.56953e-01
   6  mean_{RT}^{6}   5.27948e+00   1.22332e-04   1.67129e-04   2.62407e+00
   7  n_{RT1}^{6}   7.16389e+00   6.84005e-01   2.50591e-03   3.32003e-01
   8  n_{RT2}^{6}   2.78412e+00   4.37220e-01   4.00192e-03   7.04581e-01
                               ERR DEF= 0.5
 EXTERNAL ERROR MATRIX.    NDIM=  25    NPAR=  8    ERR DEF=0.5
  1.819e-03 -1.082e-04  9.187e-06  6.945e-06  2.698e-04 -3.566e-06 -1.998e-02 -2.689e-04 
 -1.082e-04  4.626e-03  2.172e-06 -8.906e-07  6.705e-05  2.021e-07  3.672e-03  2.532e-02 
  9.187e-06  2.172e-06  1.645e-07  6.611e-08  5.687e-06 -1.142e-08  4.234e-05  4.658e-06 
  6.945e-06 -8.906e-07  6.611e-08  6.673e-08  3.274e-06 -9.814e-09 -1.226e-05 -2.817e-06 
  2.698e-04  6.705e-05  5.687e-06  3.274e-06  2.601e-04 -1.127e-07  3.242e-03  1.226e-04 
 -3.566e-06  2.021e-07 -1.142e-08 -9.814e-09 -1.127e-07  1.497e-08  4.525e-05  2.548e-07 
 -1.998e-02  3.672e-03  4.234e-05 -1.226e-05  3.242e-03  4.525e-05  4.679e-01  7.969e-03 
 -2.689e-04  2.532e-02  4.658e-06 -2.817e-06  1.226e-04  2.548e-07  7.969e-03  1.912e-01 
 PARAMETER  CORRELATION COEFFICIENTS  
       NO.  GLOBAL      1      2      3      4      5      6      7      8
        1  0.97175   1.000 -0.037  0.531  0.630  0.392 -0.683 -0.685 -0.014
        2  0.85973  -0.037  1.000  0.079 -0.051  0.061  0.024  0.079  0.851
        3  0.94751   0.531  0.079  1.000  0.631  0.869 -0.230  0.153  0.026
        4  0.91758   0.630 -0.051  0.631  1.000  0.786 -0.311 -0.069 -0.025
        5  0.95745   0.392  0.061  0.869  0.786  1.000 -0.057  0.294  0.017
        6  0.74160  -0.683  0.024 -0.230 -0.311 -0.057  1.000  0.541  0.005
        7  0.94396  -0.685  0.079  0.153 -0.069  0.294  0.541  1.000  0.027
        8  0.85556  -0.014  0.851  0.026 -0.025  0.017  0.005  0.027  1.000
 **********
 **    7 **SET ERR         0.5
 **********
 **********
 **    8 **SET PRINT           1
 **********
 **********
 **    9 **HESSE        4000
 **********
 COVARIANCE MATRIX CALCULATED SUCCESSFULLY
 FCN=-359815 FROM HESSE     STATUS=OK             61 CALLS         693 TOTAL
                     EDM=0.000146338    STRATEGY= 1      ERROR MATRIX ACCURATE 
  EXT PARAMETER                                INTERNAL      INTERNAL  
  NO.   NAME      VALUE            ERROR       STEP SIZE       VALUE   
   1  #alpha_{RT1}^{6}   1.23152e+00   4.98494e-02   5.08116e-05  -8.53667e-01
   2  #alpha_{RT2}^{6}  -2.93967e+00   6.99816e-02   1.26310e-04   4.24721e-01
   3  #sigma_{RT1}^{6}   2.47308e-02   4.24311e-04   1.38369e-05  -1.25496e+00
   4  #sigma_{RT2}^{6}   4.05594e-02   2.73167e-04   8.62611e-06  -1.16524e+00
   5  f^{RT6}      4.11215e-01   1.67291e-02   1.56716e-04  -1.78516e-01
   6  mean_{RT}^{6}   5.27948e+00   1.32836e-04   3.34258e-05  -8.25751e-01
   7  n_{RT1}^{6}   7.16389e+00   7.87332e-01   1.00237e-04  -1.19000e+00
   8  n_{RT2}^{6}   2.78412e+00   4.50239e-01   1.60077e-04  -1.33432e+00
                               ERR DEF= 0.5
 EXTERNAL ERROR MATRIX.    NDIM=  25    NPAR=  8    ERR DEF=0.5
  2.485e-03 -2.006e-04  1.141e-05  8.994e-06  3.222e-04 -4.898e-06 -2.942e-02 -6.331e-04 
 -2.006e-04  4.898e-03  1.577e-06 -1.365e-06  4.390e-05  3.543e-07  4.529e-03  2.710e-02 
  1.141e-05  1.577e-06  1.800e-07  7.648e-08  6.219e-06 -1.546e-08  2.320e-05  9.129e-07 
  8.994e-06 -1.365e-06  7.648e-08  7.462e-08  3.591e-06 -1.375e-08 -3.587e-05 -5.490e-06 
  3.222e-04  4.390e-05  6.219e-06  3.591e-06  2.800e-04 -2.005e-07  3.047e-03 -3.888e-05 
 -4.898e-06  3.543e-07 -1.546e-08 -1.375e-08 -2.005e-07  1.765e-08  6.477e-05  7.333e-07 
 -2.942e-02  4.529e-03  2.320e-05 -3.587e-05  3.047e-03  6.477e-05  6.200e-01  9.169e-03 
 -6.331e-04  2.710e-02  9.129e-07 -5.490e-06 -3.888e-05  7.333e-07  9.169e-03  2.027e-01 
 PARAMETER  CORRELATION COEFFICIENTS  
       NO.  GLOBAL      1      2      3      4      5      6      7      8
        1  0.97941   1.000 -0.057  0.539  0.660  0.386 -0.740 -0.749 -0.028
        2  0.86803  -0.057  1.000  0.053 -0.071  0.037  0.038  0.082  0.860
        3  0.95216   0.539  0.053  1.000  0.660  0.876 -0.274  0.069  0.005
        4  0.92663   0.660 -0.071  0.660  1.000  0.786 -0.379 -0.167 -0.045
        5  0.96053   0.386  0.037  0.876  0.786  1.000 -0.090  0.231 -0.005
        6  0.78634  -0.740  0.038 -0.274 -0.379 -0.090  1.000  0.619  0.012
        7  0.95800  -0.749  0.082  0.069 -0.167  0.231  0.619  1.000  0.026
        8  0.86433  -0.028  0.860  0.005 -0.045 -0.005  0.012  0.026  1.000
fit status:  0 3
doublecb_RT6  -----> plotting  
Info in <TCanvas::MakeDefCanvas>:  created default TCanvas with name c1
cbshape_RT1_6  -----> plotting  
cbshape_RT2_6  -----> plotting  
setting nRT to  192011.0
Info in <TCanvas::Print>: pdf file fit_results_mass_checkOnMC/newbdt_puw/save_fit_mc_6_2018_RT_newSigmaFRT_asInANv8.pdf has been created
now fitting:  6  for   wrongTag
fitting the mc...
 **********
 **    1 **SET PRINT           1
 **********
 **********
 **    2 **SET NOGRAD
 **********
 PARAMETER DEFINITIONS:
    NO.   NAME         VALUE      STEP SIZE      LIMITS
     1 #alpha_{WT1}^{6}   5.00000e-01  2.50000e-01    0.00000e+00  1.00000e+01
     2 #alpha_{WT2}^{6}   2.50000e+00  1.00000e+00    0.00000e+00  1.00000e+01
     3 #sigma_{WT1}^{6}   3.00000e-02  1.50000e-02    0.00000e+00  1.00000e+00
     4 mean_{WT}^{6}   5.27958e+00  1.00000e-01    5.00000e+00  6.00000e+00
     5 n_{WT1}^{6}   1.00000e+00  4.95000e-01    1.00000e-02  1.00000e+02
     6 n_{WT2}^{6}   1.00000e+00  4.95000e-01    1.00000e-02  1.00000e+02
 **********
 **    3 **SET ERR         0.5
 **********
 **********
 **    4 **SET PRINT           1
 **********
 **********
 **    5 **SET STR           1
 **********
 NOW USING STRATEGY  1: TRY TO BALANCE SPEED AGAINST RELIABILITY
 **********
 **    6 **MIGRAD        3000           1
 **********
 FIRST CALL TO USER FUNCTION AT NEW START POINT, WITH IFLAG=4.
 START MIGRAD MINIMIZATION.  STRATEGY  1.  CONVERGENCE WHEN EDM .LT. 1.00e-03
 FCN=-23164.4 FROM MIGRAD    STATUS=INITIATE       24 CALLS          25 TOTAL
                     EDM= unknown      STRATEGY= 1      NO ERROR MATRIX       
  EXT PARAMETER               CURRENT GUESS       STEP         FIRST   
  NO.   NAME      VALUE            ERROR          SIZE      DERIVATIVE 
   1  #alpha_{WT1}^{6}   5.00000e-01   2.50000e-01   1.18625e-01  -2.73772e+04
   2  #alpha_{WT2}^{6}   2.50000e+00   1.00000e+00   2.35352e-01   1.82688e+04
   3  #sigma_{WT1}^{6}   3.00000e-02   1.50000e-02   9.09734e-02  -5.93186e+04
   4  mean_{WT}^{6}   5.27958e+00   1.00000e-01   2.26180e-01  -1.09005e+05
   5  n_{WT1}^{6}   1.00000e+00   4.95000e-01   5.17524e-02  -5.05491e+04
   6  n_{WT2}^{6}   1.00000e+00   4.95000e-01   5.17524e-02   1.32072e+04
                               ERR DEF= 0.5
 MIGRAD MINIMIZATION HAS CONVERGED.
 MIGRAD WILL VERIFY CONVERGENCE AND ERROR MATRIX.
 COVARIANCE MATRIX CALCULATED SUCCESSFULLY
 FCN=-32762.5 FROM HESSE     STATUS=OK             44 CALLS         365 TOTAL
                     EDM=0.0174587    STRATEGY= 1      ERROR MATRIX ACCURATE 
  EXT PARAMETER                                   STEP         FIRST   
  NO.   NAME      VALUE            ERROR          SIZE      DERIVATIVE 
   1  #alpha_{WT1}^{6}   9.88794e-01   3.71454e-02   4.01775e-04   5.01046e-01
   2  #alpha_{WT2}^{6}   1.32894e+00   6.58957e-02   6.07321e-04   5.08438e-01
   3  #sigma_{WT1}^{6}   5.32547e-02   9.04291e-04   1.73483e-04  -2.45456e+00
   4  mean_{WT}^{6}   5.27529e+00   5.73369e-04   1.13385e-04  -1.31180e-02
   5  n_{WT1}^{6}   1.03095e+01   1.93262e+00   3.11146e-03  -4.21730e-02
   6  n_{WT2}^{6}   2.01242e+01   8.73353e+00   9.91065e-03  -8.78290e-01
                               ERR DEF= 0.5
 MIGRAD MINIMIZATION HAS CONVERGED.
 FCN=-32762.5 FROM MIGRAD    STATUS=CONVERGED     378 CALLS         379 TOTAL
                     EDM=9.2767e-05    STRATEGY= 1  ERROR MATRIX UNCERTAINTY   9.1 per cent
  EXT PARAMETER                                   STEP         FIRST   
  NO.   NAME      VALUE            ERROR          SIZE      DERIVATIVE 
   1  #alpha_{WT1}^{6}   9.90078e-01   3.68354e-02   4.30049e-04   2.85633e-01
   2  #alpha_{WT2}^{6}   1.33674e+00   5.93788e-02   2.29602e-03  -2.18645e+00
   3  #sigma_{WT1}^{6}   5.33097e-02   8.81824e-04   2.44753e-04   3.94404e+00
   4  mean_{WT}^{6}   5.27530e+00   5.71517e-04   2.74643e-05   3.38646e+00
   5  n_{WT1}^{6}   1.02916e+01   1.92934e+00  -5.89092e-04   6.72391e-03
   6  n_{WT2}^{6}   1.89404e+01   7.17159e+00   2.98720e-02   1.65461e-01
                               ERR DEF= 0.5
 EXTERNAL ERROR MATRIX.    NDIM=  25    NPAR=  6    ERR DEF=0.5
  1.357e-03  1.098e-03  2.427e-05 -1.140e-05 -5.871e-02  6.538e-02 
  1.098e-03  3.526e-03  3.905e-05  8.359e-07 -2.410e-02  3.605e-01 
  2.427e-05  3.905e-05  7.776e-07 -1.699e-07 -6.079e-04  2.544e-03 
 -1.140e-05  8.359e-07 -1.699e-07  3.266e-07  4.437e-04  5.159e-04 
 -5.871e-02 -2.410e-02 -6.079e-04  4.437e-04  3.727e+00 -1.249e+00 
  6.538e-02  3.605e-01  2.544e-03  5.159e-04 -1.249e+00  5.202e+01 
 PARAMETER  CORRELATION COEFFICIENTS  
       NO.  GLOBAL      1      2      3      4      5      6
        1  0.96544   1.000  0.502  0.747 -0.542 -0.826  0.246
        2  0.96081   0.502  1.000  0.746  0.025 -0.210  0.842
        3  0.93564   0.747  0.746  1.000 -0.337 -0.357  0.400
        4  0.70545  -0.542  0.025 -0.337  1.000  0.402  0.125
        5  0.91953  -0.826 -0.210 -0.357  0.402  1.000 -0.090
        6  0.91355   0.246  0.842  0.400  0.125 -0.090  1.000
 **********
 **    7 **SET ERR         0.5
 **********
 **********
 **    8 **SET PRINT           1
 **********
 **********
 **    9 **HESSE        3000
 **********
 COVARIANCE MATRIX CALCULATED SUCCESSFULLY
 FCN=-32762.5 FROM HESSE     STATUS=OK             44 CALLS         423 TOTAL
                     EDM=0.000119217    STRATEGY= 1      ERROR MATRIX ACCURATE 
  EXT PARAMETER                                INTERNAL      INTERNAL  
  NO.   NAME      VALUE            ERROR       STEP SIZE       VALUE   
   1  #alpha_{WT1}^{6}   9.90078e-01   3.73924e-02   4.01764e-04  -9.30610e-01
   2  #alpha_{WT2}^{6}   1.33674e+00   6.25496e-02   6.07350e-04  -8.22209e-01
   3  #sigma_{WT1}^{6}   5.33097e-02   8.85165e-04   1.73469e-04  -1.10481e+00
   4  mean_{WT}^{6}   5.27530e+00   5.73653e-04   4.53540e-05  -4.66086e-01
   5  n_{WT1}^{6}   1.02916e+01   1.96292e+00   1.24458e-03  -9.17932e-01
   6  n_{WT2}^{6}   1.89404e+01   7.30285e+00   9.91441e-03  -2.47112e+00
                               ERR DEF= 0.5
 EXTERNAL ERROR MATRIX.    NDIM=  25    NPAR=  6    ERR DEF=0.5
  1.398e-03  1.159e-03  2.469e-05 -1.157e-05 -6.107e-02  7.004e-02 
  1.159e-03  3.913e-03  4.114e-05  1.378e-06 -2.572e-02  3.949e-01 
  2.469e-05  4.114e-05  7.835e-07 -1.679e-07 -6.307e-04  2.735e-03 
 -1.157e-05  1.378e-06 -1.679e-07  3.291e-07  4.584e-04  5.694e-04 
 -6.107e-02 -2.572e-02 -6.307e-04  4.584e-04  3.858e+00 -1.337e+00 
  7.004e-02  3.949e-01  2.735e-03  5.694e-04 -1.337e+00  5.396e+01 
 PARAMETER  CORRELATION COEFFICIENTS  
       NO.  GLOBAL      1      2      3      4      5      6
        1  0.96640   1.000  0.495  0.746 -0.539 -0.831  0.255
        2  0.96408   0.495  1.000  0.743  0.038 -0.209  0.859
        3  0.93583   0.746  0.743  1.000 -0.331 -0.363  0.421
        4  0.70807  -0.539  0.038 -0.331  1.000  0.407  0.135
        5  0.92260  -0.831 -0.209 -0.363  0.407  1.000 -0.093
        6  0.92352   0.255  0.859  0.421  0.135 -0.093  1.000
Info in <TCanvas::Print>: pdf file fit_results_mass_checkOnMC/newbdt_puw/save_fit_mc_6_2018_WT_newSigmaFRT_asInANv8.pdf has been created
fit status:  0 3
doublecb_6  -----> plotting  
setting nWT to  27944.0
mistag fraction on MC for bin  6  :  0.127044168125 +/- 0.276142986869
constraining var #sigma_{RT1}^{6} :  0.0247308212678  with uncertainty  0.000424311375909
constraining var #alpha_{RT1}^{6} :  1.23152084971  with uncertainty  0.0498494481882
constraining var #alpha_{RT2}^{6} :  -2.93966626712  with uncertainty  0.0699816048141
constraining var n_{RT1}^{6} :  7.16389392052  with uncertainty  0.787331738226
constraining var n_{RT2}^{6} :  2.78412192348  with uncertainty  0.450239196734
constraining var #sigma_{WT1}^{6} :  0.0533097081932  with uncertainty  0.000885164819812
constraining var #alpha_{WT1}^{6} :  0.990078432382  with uncertainty  0.037392425922
constraining var #alpha_{WT2}^{6} :  1.33674402432  with uncertainty  0.0625496318276
constraining var n_{WT1}^{6} :  10.29162669  with uncertainty  1.96291613787
constraining var n_{WT2}^{6} :  18.9403999394  with uncertainty  7.30285246499
constraining var #sigma_{RT2}^{6} :  0.0405594037403  with uncertainty  0.000273167415848
constraining var f^{RT6} :  0.411215379323  with uncertainty  0.0167291256731
219955.0
here 0
here 1
total pdf created
Minuit2Minimizer: Minimize with max-calls 8500 convergence for edm < 1 strategy 2
Info in <Minuit2>: MnSeedGenerator Initial state: FCN =      -20002.63575 Edm =       241410.7966 NCalls =     61
Info in <Minuit2>: MnSeedGenerator Negative G2 found - new state: 
  Minimum value : -64062.3618
  Edm           : 171187.3127
  Internal parameters:
     -1.510566768
      1.260851445
    -0.9306097373
     -0.822209182
     -1.254964568
     -1.165235288
     -1.104813882
     -0.594494435
    -0.1785158868
    -0.8419025663
    -0.8257514169
     -1.190004669
     -1.561600063
    -0.9179316992
    -0.6704697728
     -1.485490177
      1.577536588
  Internal gradient  :
      29118.57598
      73894902.02
    0.02050624947
    0.01644175045
      886.9654818
      7915.683381
    0.03037005895
      288975.9899
     -6544.642497
    0.01710528418
      1076.119792
       53.0208903
      16006.41279
    0.01997177906
    0.01211143436
      8419.524761
      2.300442592
  Internal covariance matrix:
  4.6237713e-06              0              0              0              0              0              0              0              0              0              0              0              0              0              0              0              0
              0  4.8878173e-12              0              0              0              0              0              0              0              0              0              0              0              0              0              0              0
              0              0  0.00031347754              0              0              0              0              0              0              0              0              0              0              0              0              0              0
              0              0              0  0.00067569438              0              0              0              0              0              0              0              0              0              0              0              0              0
              0              0              0              0  7.7784952e-06              0              0              0              0              0              0              0              0              0              0              0              0
              0              0              0              0              0  3.3109922e-06              0              0              0              0              0              0              0              0              0              0              0
              0              0              0              0              0              0  3.1050166e-05              0              0              0              0              0              0              0              0              0              0
              0              0              0              0              0              0              0  7.6616958e-06              0              0              0              0              0              0              0              0              0
              0              0              0              0              0              0              0              0  0.00028832021              0              0              0              0              0              0              0              0
              0              0              0              0              0              0              0              0              0  2.1820684e-05              0              0              0              0              0              0              0
              0              0              0              0              0              0              0              0              0              0  1.7846914e-05              0              0              0              0              0              0
              0              0              0              0              0              0              0              0              0              0              0   0.0011001982              0              0              0              0              0
              0              0              0              0              0              0              0              0              0              0              0              0  1.1952515e-06              0              0              0              0
              0              0              0              0              0              0              0              0              0              0              0              0              0   0.0083547499              0              0              0
              0              0              0              0              0              0              0              0              0              0              0              0              0              0    0.069523563              0              0
              0              0              0              0              0              0              0              0              0              0              0              0              0              0              0  2.0311923e-05              0
              0              0              0              0              0              0              0              0              0              0              0              0              0              0              0              0   0.0058599058
Minuit2:0: RuntimeWarning: MnPosDef Matrix forced pos-def by adding to diagonal 1.46784
Info in <Minuit2>: MnSeedGenerator run Hesse - new state: 
  Minimum value : -64062.3618
  Edm           : 23134611.77
  Internal parameters:
     -1.510566768
      1.260851445
    -0.9306097373
     -0.822209182
     -1.254964568
     -1.165235288
     -1.104813882
     -0.594494435
    -0.1785158868
    -0.8419025663
    -0.8257514169
     -1.190004669
     -1.561600063
    -0.9179316992
    -0.6704697728
     -1.485490177
      1.577536588
  Internal gradient  :
      29118.60399
     -157.8281042
  3.279447993e-05
   1.13243112e-06
      886.9546534
      7915.656651
  1.981008121e-06
      288975.9975
     -6544.642687
  1.575407018e-06
      1076.047048
      52.96463755
      16006.45727
  3.195518348e-05
  6.977521189e-08
      8419.525168
      2.300396093
  Internal covariance matrix:
  2.2874341e-06  1.0353751e-08  1.2745911e-08  1.8722686e-08  4.4674179e-07 -8.5298902e-08  4.0051582e-09  1.2529023e-05 -1.2616566e-05  3.3551228e-09  1.1734309e-07 -1.4529821e-06 -1.3301545e-07  6.6577656e-08  1.9415062e-07  9.7565239e-07  1.9213726e-08
  1.0353751e-08  6.9783785e-10  8.5906837e-10  1.2618999e-09 -7.4300026e-09 -5.4788532e-09  2.6994571e-10  8.6313969e-07 -5.5623244e-07  2.2613356e-10  1.1739471e-08  1.8331251e-10 -7.9086659e-09  4.4873023e-09  1.3085658e-08  6.5843416e-08  1.3060377e-09
  1.2745911e-08  8.5906837e-10  0.00012702616   1.553453e-09 -9.1466551e-09 -6.7447049e-09  3.3231091e-10   1.062562e-06 -6.8474605e-07  2.7838013e-10  1.4451796e-08   2.256665e-10 -9.7359083e-09  5.5240619e-09  1.6108824e-08  8.1056074e-08  1.6077886e-09
  1.8722686e-08  1.2618999e-09   1.553453e-09  0.00027380228 -1.3435666e-08 -9.9074063e-09  4.8814838e-10  1.5608151e-06 -1.0058349e-06  4.0891723e-10  2.1228476e-08  3.3148256e-10 -1.4301236e-08  8.1143868e-09  2.3663057e-08  1.1906462e-07  2.3617075e-09
  4.4674179e-07 -7.4300026e-09 -9.1466551e-09 -1.3435666e-08  3.4350537e-06  5.2264446e-08 -2.8741583e-09 -9.2868156e-06  5.6660754e-06 -2.4076828e-09 -7.5571057e-07   7.157718e-08  8.3554504e-08 -4.7777091e-08 -1.3932524e-07 -7.0205512e-07 -1.4173163e-08
 -8.5298902e-08 -5.4788532e-09 -6.7447049e-09 -9.9074063e-09  5.2264446e-08  1.3960904e-06 -2.1193926e-09  -6.834176e-06  4.3514868e-06 -1.7754173e-09  1.8101592e-07 -2.0988898e-09  5.3767171e-08 -3.5230641e-08  -1.027379e-07 -5.1695841e-07 -1.0314812e-08
  4.0051582e-09  2.6994571e-10  3.3231091e-10  4.8814838e-10 -2.8741583e-09 -2.1193926e-09  1.2582028e-05  3.3388968e-07 -2.1516827e-07   8.747662e-11  4.5411979e-09  7.0903836e-11 -3.0593212e-09  1.7358103e-09  5.0619455e-09  2.5470311e-08  5.0523342e-10
  1.2529023e-05  8.6313969e-07   1.062562e-06  1.5608151e-06 -9.2868156e-06  -6.834176e-06  3.3388968e-07   0.0010707508 -0.00068670264  2.7969944e-07  1.4533949e-05   3.175837e-07 -9.8279487e-06  5.5502417e-06  1.6185351e-05   8.143614e-05  1.6142201e-06
 -1.2616566e-05 -5.5623244e-07 -6.8474605e-07 -1.0058349e-06  5.6660754e-06  4.3514868e-06 -2.1516827e-07 -0.00068670264  0.00056974374 -1.8024652e-07 -9.4072474e-06  1.2351071e-06  6.6428976e-06  -3.576738e-06 -1.0430313e-05 -5.2460369e-05  -1.041486e-06
  3.3551228e-09  2.2613356e-10  2.7838013e-10  4.0891723e-10 -2.4076828e-09 -1.7754173e-09   8.747662e-11  2.7969944e-07 -1.8024652e-07  8.8420933e-06   3.804158e-09  5.9413827e-11 -2.5627941e-09  1.4541052e-09  4.2404407e-09  2.1336484e-08  4.2322004e-10
  1.1734309e-07  1.1739471e-08  1.4451796e-08  2.1228476e-08 -7.5571057e-07  1.8101592e-07  4.5411979e-09  1.4533949e-05 -9.4072474e-06   3.804158e-09  7.6040046e-06 -8.1622479e-08 -1.4667778e-07  7.5488257e-08  2.2013522e-07  1.1050242e-06  2.1580365e-08
 -1.4529821e-06  1.8331251e-10   2.256665e-10  3.3148256e-10   7.157718e-08 -2.0988898e-09  7.0903836e-11   3.175837e-07  1.2351071e-06  5.9413827e-11 -8.1622479e-08  0.00044689927  4.1397658e-09  1.1787585e-09  3.4370818e-09  1.7733837e-08  4.0748259e-10
 -1.3301545e-07 -7.9086659e-09 -9.7359083e-09 -1.4301236e-08  8.3554504e-08  5.3767171e-08 -3.0593212e-09 -9.8279487e-06  6.6428976e-06 -2.5627941e-09 -1.4667778e-07  4.1397658e-09   5.757573e-07 -5.0855048e-08 -1.4830106e-07 -7.4631512e-07 -1.4880489e-08
  6.6577656e-08  4.4873023e-09  5.5240619e-09  8.1143868e-09 -4.7777091e-08 -3.5230641e-08  1.7358103e-09  5.5502417e-06  -3.576738e-06  1.4541052e-09  7.5488257e-08  1.1787585e-09 -5.0855048e-08   0.0033854803  8.4143678e-08   4.233925e-07   8.398206e-09
  1.9415062e-07  1.3085658e-08  1.6108824e-08  2.3663057e-08 -1.3932524e-07  -1.027379e-07  5.0619455e-09  1.6185351e-05 -1.0430313e-05  4.2404407e-09  2.2013522e-07  3.4370818e-09 -1.4830106e-07  8.4143678e-08    0.028172081   1.234677e-06  2.4491244e-08
  9.7565239e-07  6.5843416e-08  8.1056074e-08  1.1906462e-07 -7.0205512e-07 -5.1695841e-07  2.5470311e-08   8.143614e-05 -5.2460369e-05  2.1336484e-08  1.1050242e-06  1.7733837e-08 -7.4631512e-07   4.233925e-07   1.234677e-06  1.4443557e-05 -7.7613473e-07
  1.9213726e-08  1.3060377e-09  1.6077886e-09  2.3617075e-09 -1.4173163e-08 -1.0314812e-08  5.0523342e-10  1.6142201e-06  -1.041486e-06  4.2322004e-10  2.1580365e-08  4.0748259e-10 -1.4880489e-08   8.398206e-09  2.4491244e-08 -7.7613473e-07   0.0023746094
Info in <Minuit2>: VariableMetricBuilder Start iterating until Edm is < 0.001 with call limit = 8500
Info in <Minuit2>: VariableMetricBuilder    0 - FCN =       -64062.3618 Edm =       23134611.77 NCalls =    612
Info in <Minuit2>: VariableMetricBuilder    1 - FCN =      -176226.0795 Edm =        722836.731 NCalls =    672
Info in <Minuit2>: VariableMetricBuilder    2 - FCN =      -178133.0112 Edm =       739.1377744 NCalls =    718
Info in <Minuit2>: VariableMetricBuilder    3 - FCN =      -178759.5261 Edm =       93.17228985 NCalls =    764
Info in <Minuit2>: VariableMetricBuilder    4 - FCN =      -180486.7961 Edm =       472.5867957 NCalls =    816
Info in <Minuit2>: VariableMetricBuilder    5 - FCN =      -180899.2001 Edm =       1567.230665 NCalls =    871
Info in <Minuit2>: VariableMetricBuilder    6 - FCN =      -182143.5107 Edm =       369.9503279 NCalls =    928
Info in <Minuit2>: VariableMetricBuilder    7 - FCN =      -182687.7908 Edm =       72409.93834 NCalls =    981
Info in <Minuit2>: VariableMetricBuilder    8 - FCN =      -182713.7569 Edm =       703.5162334 NCalls =   1026
Info in <Minuit2>: VariableMetricBuilder    9 - FCN =      -182979.5426 Edm =        1673.65503 NCalls =   1076
Info in <Minuit2>: VariableMetricBuilder   10 - FCN =      -182980.5948 Edm =       143.5951526 NCalls =   1123
Info in <Minuit2>: VariableMetricBuilder   11 - FCN =        -183396.16 Edm =       180.6239052 NCalls =   1176
Info in <Minuit2>: VariableMetricBuilder   12 - FCN =      -183594.0586 Edm =        258.892081 NCalls =   1227
Info in <Minuit2>: VariableMetricBuilder   13 - FCN =      -183855.0784 Edm =       322.8303587 NCalls =   1277
Info in <Minuit2>: VariableMetricBuilder   14 - FCN =      -184069.8239 Edm =        377.815422 NCalls =   1329
Info in <Minuit2>: VariableMetricBuilder   15 - FCN =       -184120.178 Edm =        105.627352 NCalls =   1377
Info in <Minuit2>: VariableMetricBuilder   16 - FCN =      -184266.9386 Edm =       129.8869038 NCalls =   1426
Info in <Minuit2>: VariableMetricBuilder   17 - FCN =      -184388.0697 Edm =       171.9532174 NCalls =   1476
Info in <Minuit2>: VariableMetricBuilder   18 - FCN =      -184415.8704 Edm =       81.96957013 NCalls =   1522
Info in <Minuit2>: VariableMetricBuilder   19 - FCN =      -184511.4657 Edm =       102.0070345 NCalls =   1568
Info in <Minuit2>: VariableMetricBuilder   20 - FCN =       -184543.323 Edm =       26.79472737 NCalls =   1611
Info in <Minuit2>: VariableMetricBuilder   21 - FCN =      -184660.1897 Edm =       80.43804696 NCalls =   1658
Info in <Minuit2>: VariableMetricBuilder   22 - FCN =      -184664.1056 Edm =       20.79697424 NCalls =   1703
Info in <Minuit2>: VariableMetricBuilder   23 - FCN =       -184743.826 Edm =       31.81726164 NCalls =   1752
Info in <Minuit2>: VariableMetricBuilder   24 - FCN =      -184770.5148 Edm =       7.074427834 NCalls =   1799
Info in <Minuit2>: VariableMetricBuilder   25 - FCN =       -184780.082 Edm =        7.90866319 NCalls =   1843
Info in <Minuit2>: VariableMetricBuilder   26 - FCN =      -184780.1253 Edm =      0.4191403988 NCalls =   1889
Info in <Minuit2>: VariableMetricBuilder   27 - FCN =      -184780.9115 Edm =      0.6230621038 NCalls =   1933
Info in <Minuit2>: VariableMetricBuilder   28 - FCN =      -184781.0164 Edm =      0.2923690844 NCalls =   1978
Info in <Minuit2>: VariableMetricBuilder   29 - FCN =      -184782.0884 Edm =      0.9717197103 NCalls =   2023
Info in <Minuit2>: VariableMetricBuilder   30 - FCN =      -184782.1605 Edm =      0.2899940616 NCalls =   2067
Info in <Minuit2>: VariableMetricBuilder   31 - FCN =       -184785.572 Edm =       2.379511269 NCalls =   2113
Info in <Minuit2>: VariableMetricBuilder   32 - FCN =       -184797.888 Edm =       4.309573863 NCalls =   2160
Info in <Minuit2>: VariableMetricBuilder   33 - FCN =        -184817.61 Edm =       4.900902753 NCalls =   2204
Info in <Minuit2>: VariableMetricBuilder   34 - FCN =       -184828.363 Edm =        1.40818204 NCalls =   2251
Info in <Minuit2>: VariableMetricBuilder   35 - FCN =      -184830.3765 Edm =       0.504696615 NCalls =   2295
Info in <Minuit2>: VariableMetricBuilder   36 - FCN =      -184830.8083 Edm =      0.1064113002 NCalls =   2340
Info in <Minuit2>: VariableMetricBuilder   37 - FCN =      -184830.9649 Edm =     0.09046242225 NCalls =   2384
Info in <Minuit2>: VariableMetricBuilder   38 - FCN =      -184830.9649 Edm =    0.005862755331 NCalls =   2433
Info in <Minuit2>: VariableMetricBuilder   39 - FCN =       -184830.972 Edm =     0.00120057201 NCalls =   2477
Info in <Minuit2>: VariableMetricBuilder   40 - FCN =      -184830.9723 Edm =   0.0001431257184 NCalls =   2521
Minuit2:0: RuntimeWarning: MnPosDef Matrix forced pos-def by adding to diagonal 66.1282
Info in <Minuit2>: VariableMetricBuilder After Hessian
Info in <Minuit2>: VariableMetricBuilder   41 - FCN =      -184830.9723 Edm =       4.062124883 NCalls =   2742
Info in <Minuit2>: VariableMetricBuilder Tolerance not sufficient, continue minimization; Edm 4.06212 Required 0.001
Info in <Minuit2>: VariableMetricBuilder   42 - FCN =      -185181.0071 Edm =       1719.958625 NCalls =   2792
Info in <Minuit2>: VariableMetricBuilder   43 - FCN =      -185181.0071 Edm =        7.91636131 NCalls =   2837
Minuit2:0: RuntimeWarning: DavidonErrorUpdator delgam < 0 : first derivatives increasing along search line
Info in <Minuit2>: VariableMetricBuilder   44 - FCN =      -185781.5582 Edm =       4500.391957 NCalls =   2890
Minuit2:0: RuntimeWarning: VariableMetricBuilder Matrix not pos.def, gdel = 5814.86 > 0
Minuit2:0: RuntimeWarning: MnPosDef non-positive diagonal element in covariance matrix[ 8 ] = -7.15875e-05
Minuit2:0: RuntimeWarning: MnPosDef non-positive diagonal element in covariance matrix[ 10 ] = -1.79551e-08
Minuit2:0: RuntimeWarning: MnPosDef non-positive diagonal element in covariance matrix[ 11 ] = -3.40615e-09
Minuit2:0: RuntimeWarning: MnPosDef non-positive diagonal element in covariance matrix[ 12 ] = -5.06121e-06
Minuit2:0: RuntimeWarning: MnPosDef non-positive diagonal element in covariance matrix[ 16 ] = -3931.87
Minuit2:0: RuntimeWarning: MnPosDef Added to diagonal of Error matrix a value 3932.37
Minuit2:0: RuntimeWarning: VariableMetricBuilder gdel = -4.78457e+11
Minuit2:0: RuntimeWarning: VariableMetricBuilder No improvement in line search
Info in <Minuit2>: VariableMetricBuilder   45 - FCN =      -185781.5582 Edm =       4500.391957 NCalls =   2901
Minuit2:0: RuntimeWarning: VariableMetricBuilder Iterations finish without convergence; Edm 704180 Requested 0.001
Minuit2:0: RuntimeWarning: VariableMetricBuilder FunctionMinimum is invalid after second try
Minuit2:0: RuntimeWarning: Minuit2Minimizer::Minimize Minimization did NOT converge, Edm is above max
Minuit2Minimizer : Invalid Minimum - status = 3
FVAL  = -185782
Edm   = 4500.39
Nfcn  = 2890
Info in <Minuit2>: Minuit2Minimizer::Hesse Using max-calls 8500
Minuit2:0: RuntimeWarning: MnPosDef Matrix forced pos-def by adding to diagonal 27.6804
Info in <Minuit2>: Minuit2Minimizer::Hesse Hesse is valid - matrix is full but made positive defined
fit with Hesse strategy 2 done, now Minos
Minuit2Minimizer: Minimize with max-calls 8500 convergence for edm < 1 strategy 2
Info in <Minuit2>: MnSeedGenerator Initial state: FCN =      -185781.5582 Edm =       287.7557638 NCalls =     67
Minuit2:0: RuntimeWarning: MnPosDef Matrix forced pos-def by adding to diagonal 23.3357
Info in <Minuit2>: MnSeedGenerator run Hesse - new state: 
  Minimum value : -185781.5582
  Edm           : 541.1837379
  Internal parameters:
    -0.7835799033
     0.7698535724
    -0.9305979269
    -0.8221931397
     -1.214257274
     -1.158122695
     -1.104809403
     -1.288462016
     0.2919778846
    -0.8418985108
    -0.8344912863
     -1.501990128
     -1.421580575
    -0.9179669783
    -0.6708429224
     -1.564848507
   -0.02855864212
  Internal gradient  :
      1741.208843
      1650.742274
    0.07544761104
    0.04756130292
      6879.588358
      3883.760175
     0.2886318915
     -1243.044908
      60.87538391
     0.3717926122
      3820.209842
      5693.291954
     -2222.148786
  -0.008440809633
   -0.01072946803
       63.7170618
      1.602349367
  Internal covariance matrix:
   1.267679e-06   1.862584e-08  5.6578112e-17  8.3065467e-17 -8.8590985e-10  7.8300521e-10 -2.6956196e-16 -1.1816685e-08 -1.0574597e-08 -1.4824584e-17 -3.2739894e-09 -1.4466639e-09 -1.8207082e-08 -4.4231867e-15 -1.2770278e-14  1.1427933e-05  -0.0060631828
   1.862584e-08   3.788858e-06 -9.5134986e-17 -1.3967295e-16  -2.269969e-09 -3.6900819e-09 -6.1256982e-17 -1.3351443e-09     1.4953e-07  2.4338437e-17  -6.380801e-09  7.9840845e-09  6.2311424e-08 -9.8788954e-16 -2.8521573e-15  2.5640769e-06  -0.0013750065
  5.6578112e-17 -9.5134986e-17  1.2880733e-05  3.1788634e-26 -2.3667482e-19 -1.7814198e-17  5.4727424e-17 -1.5952207e-17 -2.2677552e-16 -4.3847603e-27  2.4866211e-17  5.6592293e-19 -2.5567465e-18  8.9776709e-16  2.5919628e-15  1.4218217e-15 -7.5410424e-13
  8.3065467e-17 -1.3967295e-16  3.1788634e-26  2.7764091e-05 -3.4747544e-19 -2.6154013e-17  8.0348368e-17  -2.342032e-17 -3.3294172e-16 -6.4375099e-27  3.6507465e-17  8.3086286e-19 -3.7537015e-18  1.3180617e-15  3.8054044e-15  2.0874553e-15 -1.1071423e-12
 -8.8590985e-10  -2.269969e-09 -2.3667482e-19 -3.4747544e-19  2.9813308e-07 -9.3291207e-10 -2.0923581e-17 -6.9273063e-10  2.7160174e-08 -1.4068826e-17 -2.0241606e-09 -3.5492708e-10 -1.2965093e-09 -3.4015134e-16 -9.8205829e-16  5.2524229e-07  -0.0002789961
  7.8300521e-10 -3.6900819e-09 -1.7814198e-17 -2.6154013e-17 -9.3291207e-10  1.3484975e-07   1.058855e-17  4.0197541e-10  8.1964393e-09  4.6962111e-18  1.2031561e-10  -5.430824e-11  1.0836237e-09  1.7462947e-16  5.0417652e-16 -4.4998203e-07  0.00023848523
 -2.6956196e-16 -6.1256982e-17  5.4727424e-17  8.0348368e-17 -2.0923581e-17   1.058855e-17  1.2758727e-06  7.5353276e-17  6.5678761e-16 -1.4439226e-17 -1.0015442e-17 -1.1294357e-16   1.134807e-16  3.2873589e-23   9.491005e-23  -8.467745e-14  4.4932768e-11
 -1.1816685e-08 -1.3351443e-09 -1.5952207e-17  -2.342032e-17 -6.9273063e-10  4.0197541e-10  7.5353276e-17   9.287097e-08  3.4621352e-08   4.040247e-18 -3.9518188e-10 -4.9762683e-09  2.9048431e-09  1.2400544e-15   3.580188e-15 -3.1965956e-06   0.0016952379
 -1.0574597e-08     1.4953e-07 -2.2677552e-16 -3.3294172e-16  2.7160174e-08  8.1964393e-09  6.5678761e-16  3.4621352e-08  1.9738208e-05 -5.6054118e-17  1.3682987e-08 -3.6663985e-09 -3.0636761e-08  1.3016954e-14   3.758153e-14 -3.3674743e-05    0.017885989
 -1.4824584e-17  2.4338437e-17 -4.3847603e-27 -6.4375099e-27 -1.4068826e-17  4.6962111e-18 -1.4439226e-17   4.040247e-18 -5.6054118e-17  8.9663923e-07  -6.545255e-18 -1.1138743e-19  9.1323467e-19 -2.3686593e-16 -6.8386075e-16 -2.0421192e-16  1.0818058e-13
 -3.2739894e-09  -6.380801e-09  2.4866211e-17  3.6507465e-17 -2.0241606e-09  1.2031561e-10 -1.0015442e-17 -3.9518188e-10  1.3682987e-08  -6.545255e-18  2.6498576e-07 -2.4430538e-10  7.1069092e-10 -1.6274193e-16 -4.6985575e-16  4.2331814e-07  -0.0002250994
 -1.4466639e-09  7.9840845e-09  5.6592293e-19  8.3086286e-19 -3.5492708e-10  -5.430824e-11 -1.1294357e-16 -4.9762683e-09 -3.6663985e-09 -1.1138743e-19 -2.4430538e-10   1.675956e-07 -7.4613523e-09 -1.8531809e-15 -5.3503588e-15  4.5173562e-06  -0.0023967658
 -1.8207082e-08  6.2311424e-08 -2.5567465e-18 -3.7537015e-18 -1.2965093e-09  1.0836237e-09   1.134807e-16  2.9048431e-09 -3.0636761e-08  9.1323467e-19  7.1069092e-10 -7.4613523e-09  9.7365624e-07  1.8580944e-15  5.3645446e-15 -4.1400464e-06   0.0022037733
 -4.4231867e-15 -9.8788954e-16  8.9776709e-16  1.3180617e-15 -3.4015134e-16  1.7462947e-16  3.2873589e-23  1.2400544e-15  1.3016954e-14 -2.3686593e-16 -1.6274193e-16 -1.8531809e-15  1.8580944e-15  0.00034335148  1.5612067e-21 -1.3929038e-12  7.3912458e-10
