
[1mRooFit v3.60 -- Developed by Wouter Verkerke and David Kirkby[0m 
                Copyright (C) 2000-2013 NIKHEF, University of California & Stanford University
                All rights reserved, please read http://roofit.sourceforge.net/license.txt

Error in <TUnixSystem::FindDynamicLibrary>: ../utils/func_roofit/libRooGaussDoubleSidedExp[.so | .dll | .dylib | .sl | .dl | .a] does not exist in /cvmfs/sw.el7/gcc63/root/6.24.06/b01/lib64:/cvmfs/sw.el7/gcc63/root/6.24.06/b01/lib:/cvmfs/sw.el7/gcc63/pythia/8.2.40/b02/lib:/cvmfs/sw.el7/gcc/6.3/lib64:/cvmfs/sw.el7/gcc/6.3/lib:/cvmfs/sw.el7/gcc/6.3/libexec/gcc/x86_64-unknown-linux-gnu/6.3.1:.:/cvmfs/sw.el7/gcc63/root/6.24.06/b01/lib:/lib64/tls/x86_64:/lib64/tls:/lib64/x86_64:/lib64:/usr/lib64/tls/x86_64:/usr/lib64/tls:/usr/lib64/x86_64:/usr/lib64:/cvmfs/sw.el7/gcc63/root/6.24.06/b01/python/lib:/cvmfs/sw.el7/gcc63/root/6.24.06
start function declaration
mc file name: /lstore/cms/boletti/Run2-BdToKstarMuMu/2018MC_LMNR_newphi_punzi_removeTkMu_fixBkg_B0Psicut_addxcutvariable.root
data file name: /lstore/cms/boletti/Run2-BdToKstarMuMu/2018data_newphi_punzi_removeTkMu_fixBkg_B0Psicut_addxcutvariable.root
reading data...
[#0] ERROR:InputArguments -- Didn't find a branch in Tree 'ntuple' to read variable 'weight' from.
	Note: Name the RooFit variable the same as the branch.
it worked :)
reading monte carlo...
dimuon selection:  rejectPsi
now fitting:  0  for  correctTag  
fitting the mc...
 **********
 **    1 **SET PRINT           1
 **********
 **********
 **    2 **SET NOGRAD
 **********
 PARAMETER DEFINITIONS:
    NO.   NAME         VALUE      STEP SIZE      LIMITS
     1 #alpha_{RT1}^{0}   5.00000e-01  2.50000e-01    0.00000e+00  1.00000e+01
     2 #alpha_{RT2}^{0}   2.50000e+00  1.00000e+00    0.00000e+00  1.00000e+01
     3 #sigma_{RT1}^{0}   3.00000e-02  1.50000e-02    0.00000e+00  1.00000e+00
     4 mean_{RT}^{0}   5.27958e+00  3.97900e-02    5.20000e+00  5.80000e+00
     5 n_{RT1}^{0}   1.00000e+00  4.95000e-01    1.00000e-02  2.00000e+01
     6 n_{RT2}^{0}   1.00000e+00  4.95000e-01    1.00000e-02  1.00000e+02
 **********
 **    3 **SET ERR         0.5
 **********
 **********
 **    4 **SET PRINT           1
 **********
 **********
 **    5 **SET STR           1
 **********
 NOW USING STRATEGY  1: TRY TO BALANCE SPEED AGAINST RELIABILITY
 **********
 **    6 **MIGRAD        3000           1
 **********
 FIRST CALL TO USER FUNCTION AT NEW START POINT, WITH IFLAG=4.
 START MIGRAD MINIMIZATION.  STRATEGY  1.  CONVERGENCE WHEN EDM .LT. 1.00e-03
 FCN=-124212 FROM MIGRAD    STATUS=INITIATE       24 CALLS          25 TOTAL
                     EDM= unknown      STRATEGY= 1      NO ERROR MATRIX       
  EXT PARAMETER               CURRENT GUESS       STEP         FIRST   
  NO.   NAME      VALUE            ERROR          SIZE      DERIVATIVE 
   1  #alpha_{RT1}^{0}   5.00000e-01   2.50000e-01   1.18625e-01  -1.08727e+05
   2  #alpha_{RT2}^{0}   2.50000e+00   1.00000e+00   2.35352e-01   1.75364e+04
   3  #sigma_{RT1}^{0}   3.00000e-02   1.50000e-02   9.09734e-02  -5.19606e+04
   4  mean_{RT}^{0}   5.27958e+00   3.97900e-02   2.01879e-01  -1.33366e+05
   5  n_{RT1}^{0}   1.00000e+00   4.95000e-01   1.18032e-01  -6.62305e+04
   6  n_{RT2}^{0}   1.00000e+00   4.95000e-01   5.17524e-02   9.35757e+03
                               ERR DEF= 0.5
 MIGRAD MINIMIZATION HAS CONVERGED.
 MIGRAD WILL VERIFY CONVERGENCE AND ERROR MATRIX.
 COVARIANCE MATRIX CALCULATED SUCCESSFULLY
 FCN=-154112 FROM MIGRAD    STATUS=CONVERGED     365 CALLS         366 TOTAL
                     EDM=2.0788e-05    STRATEGY= 1      ERROR MATRIX ACCURATE 
  EXT PARAMETER                                   STEP         FIRST   
  NO.   NAME      VALUE            ERROR          SIZE      DERIVATIVE 
   1  #alpha_{RT1}^{0}   1.21719e+00   2.31419e-02   5.24559e-04   6.12732e-01
   2  #alpha_{RT2}^{0}   1.28520e+00   2.38346e-02   6.25603e-04   2.54133e-01
   3  #sigma_{RT1}^{0}   3.07733e-02   2.55040e-04   1.64293e-04  -2.46723e+00
   4  mean_{RT}^{0}   5.27969e+00   1.66388e-04   1.71375e-04   8.07611e-01
   5  n_{RT1}^{0}   3.94134e+00   1.77760e-01   2.29172e-03   2.03562e-01
   6  n_{RT2}^{0}   9.23784e+00   7.13357e-01   3.09967e-03   1.79271e-01
                               ERR DEF= 0.5
 EXTERNAL ERROR MATRIX.    NDIM=  25    NPAR=  6    ERR DEF=0.5
  5.356e-04  2.601e-04  4.333e-06 -1.708e-06 -3.620e-03 -2.982e-03 
  2.601e-04  5.681e-04  4.316e-06  5.209e-07 -1.145e-03 -1.362e-02 
  4.333e-06  4.316e-06  6.505e-08 -8.894e-09 -2.075e-05 -5.646e-05 
 -1.708e-06  5.209e-07 -8.894e-09  2.768e-08  1.111e-05 -2.157e-05 
 -3.620e-03 -1.145e-03 -2.075e-05  1.111e-05  3.160e-02  1.156e-02 
 -2.982e-03 -1.362e-02 -5.646e-05 -2.157e-05  1.156e-02  5.090e-01 
 PARAMETER  CORRELATION COEFFICIENTS  
       NO.  GLOBAL      1      2      3      4      5      6
        1  0.96191   1.000  0.472  0.734 -0.443 -0.880 -0.181
        2  0.94604   0.472  1.000  0.710  0.131 -0.270 -0.801
        3  0.91190   0.734  0.710  1.000 -0.210 -0.458 -0.310
        4  0.63355  -0.443  0.131 -0.210  1.000  0.376 -0.182
        5  0.92577  -0.880 -0.270 -0.458  0.376  1.000  0.091
        6  0.88602  -0.181 -0.801 -0.310 -0.182  0.091  1.000
 **********
 **    7 **SET ERR         0.5
 **********
 **********
 **    8 **SET PRINT           1
 **********
 **********
 **    9 **HESSE        3000
 **********
 COVARIANCE MATRIX CALCULATED SUCCESSFULLY
 FCN=-154112 FROM HESSE     STATUS=OK             40 CALLS         406 TOTAL
                     EDM=2.22163e-05    STRATEGY= 1      ERROR MATRIX ACCURATE 
  EXT PARAMETER                                INTERNAL      INTERNAL  
  NO.   NAME      VALUE            ERROR       STEP SIZE       VALUE   
   1  #alpha_{RT1}^{0}   1.21719e+00   2.37967e-02   2.09823e-05  -8.58040e-01
   2  #alpha_{RT2}^{0}   1.28520e+00   2.47210e-02   2.50241e-05  -8.37483e-01
   3  #sigma_{RT1}^{0}   3.07733e-02   2.59976e-04   6.57170e-06  -1.21812e+00
   4  mean_{RT}^{0}   5.27969e+00   1.67354e-04   6.85500e-06  -8.24713e-01
   5  n_{RT1}^{0}   3.94134e+00   1.82289e-01   9.16688e-05  -6.51864e-01
   6  n_{RT2}^{0}   9.23784e+00   7.38945e-01   1.23987e-04  -9.53463e-01
                               ERR DEF= 0.5
 EXTERNAL ERROR MATRIX.    NDIM=  25    NPAR=  6    ERR DEF=0.5
  5.663e-04  2.830e-04  4.589e-06 -1.776e-06 -3.841e-03 -3.464e-03 
  2.830e-04  6.111e-04  4.602e-06  5.364e-07 -1.277e-03 -1.486e-02 
  4.589e-06  4.602e-06  6.759e-08 -9.237e-09 -2.245e-05 -6.364e-05 
 -1.776e-06  5.364e-07 -9.237e-09  2.801e-08  1.168e-05 -2.279e-05 
 -3.841e-03 -1.277e-03 -2.245e-05  1.168e-05  3.324e-02  1.399e-02 
 -3.464e-03 -1.486e-02 -6.364e-05 -2.279e-05  1.399e-02  5.462e-01 
 PARAMETER  CORRELATION COEFFICIENTS  
       NO.  GLOBAL      1      2      3      4      5      6
        1  0.96402   1.000  0.481  0.742 -0.446 -0.885 -0.197
        2  0.94994   0.481  1.000  0.716  0.130 -0.283 -0.813
        3  0.91537   0.742  0.716  1.000 -0.212 -0.474 -0.331
        4  0.63898  -0.446  0.130 -0.212  1.000  0.383 -0.184
        5  0.92955  -0.885 -0.283 -0.474  0.383  1.000  0.104
        6  0.89423  -0.197 -0.813 -0.331 -0.184  0.104  1.000
fit status:  0 3
doublecb_RT0  -----> plotting  
Info in <TCanvas::MakeDefCanvas>:  created default TCanvas with name c1
setting nRT to  92305.0
Info in <TCanvas::Print>: pdf file fit_results_mass_checkOnMC/newbdt_puw/save_fit_mc_0_2018_RT_newSigmaFRT_asInANv8.pdf has been created
now fitting:  0  for   wrongTag
fitting the mc...
 **********
 **   10 **SET PRINT           1
 **********
 **********
 **   11 **SET NOGRAD
 **********
 PARAMETER DEFINITIONS:
    NO.   NAME         VALUE      STEP SIZE      LIMITS
     1 #alpha_{WT1}^{0}   5.00000e-01  2.50000e-01    0.00000e+00  1.00000e+01
     2 #alpha_{WT2}^{0}   2.50000e+00  1.00000e+00    0.00000e+00  1.00000e+01
     3 #sigma_{WT1}^{0}   3.00000e-02  1.50000e-02    0.00000e+00  1.00000e+00
     4 mean_{WT}^{0}   5.27958e+00  1.00000e-01    5.00000e+00  6.00000e+00
     5 n_{WT1}^{0}   1.00000e+00  4.95000e-01    1.00000e-02  1.00000e+02
     6 n_{WT2}^{0}   1.00000e+00  4.95000e-01    1.00000e-02  1.00000e+02
 **********
 **   12 **SET ERR         0.5
 **********
 **********
 **   13 **SET PRINT           1
 **********
 **********
 **   14 **SET STR           1
 **********
 NOW USING STRATEGY  1: TRY TO BALANCE SPEED AGAINST RELIABILITY
 **********
 **   15 **MIGRAD        3000           1
 **********
 FIRST CALL TO USER FUNCTION AT NEW START POINT, WITH IFLAG=4.
 START MIGRAD MINIMIZATION.  STRATEGY  1.  CONVERGENCE WHEN EDM .LT. 1.00e-03
 FCN=-11057.2 FROM MIGRAD    STATUS=INITIATE       24 CALLS          25 TOTAL
                     EDM= unknown      STRATEGY= 1      NO ERROR MATRIX       
  EXT PARAMETER               CURRENT GUESS       STEP         FIRST   
  NO.   NAME      VALUE            ERROR          SIZE      DERIVATIVE 
   1  #alpha_{WT1}^{0}   5.00000e-01   2.50000e-01   1.18625e-01  -9.36579e+03
   2  #alpha_{WT2}^{0}   2.50000e+00   1.00000e+00   2.35352e-01   6.52576e+03
   3  #sigma_{WT1}^{0}   3.00000e-02   1.50000e-02   9.09734e-02  -1.70775e+04
   4  mean_{WT}^{0}   5.27958e+00   1.00000e-01   2.26180e-01  -2.90662e+04
   5  n_{WT1}^{0}   1.00000e+00   4.95000e-01   5.17524e-02  -1.87040e+04
   6  n_{WT2}^{0}   1.00000e+00   4.95000e-01   5.17524e-02   4.96395e+03
                               ERR DEF= 0.5
 MIGRAD MINIMIZATION HAS CONVERGED.
 MIGRAD WILL VERIFY CONVERGENCE AND ERROR MATRIX.
 COVARIANCE MATRIX CALCULATED SUCCESSFULLY
 FCN=-13820.2 FROM MIGRAD    STATUS=CONVERGED     415 CALLS         416 TOTAL
                     EDM=1.65394e-05    STRATEGY= 1      ERROR MATRIX ACCURATE 
  EXT PARAMETER                                   STEP         FIRST   
  NO.   NAME      VALUE            ERROR          SIZE      DERIVATIVE 
   1  #alpha_{WT1}^{0}   7.06155e-01   4.53584e-02   2.94481e-04  -1.23000e-01
   2  #alpha_{WT2}^{0}   1.17298e+00   7.71351e-02   4.82197e-04  -4.07470e-01
   3  #sigma_{WT1}^{0}   4.61227e-02   1.73096e-03   1.72571e-04   9.70511e-01
   4  mean_{WT}^{0}   5.27008e+00   1.03733e-03   1.11747e-04   8.83280e-01
   5  n_{WT1}^{0}   1.07172e+01   3.07038e+00   2.92323e-03   1.13092e-02
   6  n_{WT2}^{0}   1.00085e+01   2.43729e+00   2.89485e-03  -7.17164e-02
                               ERR DEF= 0.5
 EXTERNAL ERROR MATRIX.    NDIM=  25    NPAR=  6    ERR DEF=0.5
  2.058e-03  2.216e-03  6.443e-05 -3.298e-05 -1.077e-01 -2.852e-02 
  2.216e-03  5.951e-03  1.093e-04 -1.952e-05 -5.497e-02 -1.452e-01 
  6.443e-05  1.093e-04  2.996e-06 -1.011e-06 -1.825e-03 -1.569e-03 
 -3.298e-05 -1.952e-05 -1.011e-06  1.076e-06  1.527e-03 -7.537e-05 
 -1.077e-01 -5.497e-02 -1.825e-03  1.527e-03  9.458e+00  5.126e-01 
 -2.852e-02 -1.452e-01 -1.569e-03 -7.537e-05  5.126e-01  5.954e+00 
 PARAMETER  CORRELATION COEFFICIENTS  
       NO.  GLOBAL      1      2      3      4      5      6
        1  0.97885   1.000  0.633  0.821 -0.701 -0.772 -0.258
        2  0.96876   0.633  1.000  0.819 -0.244 -0.232 -0.772
        3  0.96630   0.821  0.819  1.000 -0.563 -0.343 -0.372
        4  0.80826  -0.701 -0.244 -0.563  1.000  0.479 -0.030
        5  0.93073  -0.772 -0.232 -0.343  0.479  1.000  0.068
        6  0.90119  -0.258 -0.772 -0.372 -0.030  0.068  1.000
 **********
 **   16 **SET ERR         0.5
 **********
 **********
 **   17 **SET PRINT           1
 **********
 **********
 **   18 **HESSE        3000
 **********
 COVARIANCE MATRIX CALCULATED SUCCESSFULLY
 FCN=-13820.2 FROM HESSE     STATUS=OK             40 CALLS         456 TOTAL
                     EDM=1.70098e-05    STRATEGY= 1      ERROR MATRIX ACCURATE 
  EXT PARAMETER                                INTERNAL      INTERNAL  
  NO.   NAME      VALUE            ERROR       STEP SIZE       VALUE   
   1  #alpha_{WT1}^{0}   7.06155e-01   4.65894e-02   5.88962e-05  -1.03286e+00
   2  #alpha_{WT2}^{0}   1.17298e+00   7.99454e-02   9.64395e-05  -8.71670e-01
   3  #sigma_{WT1}^{0}   4.61227e-02   1.76520e-03   3.45142e-05  -1.13790e+00
   4  mean_{WT}^{0}   5.27008e+00   1.04578e-03   2.23493e-05  -4.77805e-01
   5  n_{WT1}^{0}   1.07172e+01   3.15825e+00   1.16929e-04  -9.04044e-01
   6  n_{WT2}^{0}   1.00085e+01   2.52430e+00   1.15794e-04  -9.27313e-01
                               ERR DEF= 0.5
 EXTERNAL ERROR MATRIX.    NDIM=  25    NPAR=  6    ERR DEF=0.5
  2.171e-03  2.371e-03  6.757e-05 -3.428e-05 -1.148e-01 -3.236e-02 
  2.371e-03  6.393e-03  1.162e-04 -2.058e-05 -6.034e-02 -1.587e-01 
  6.757e-05  1.162e-04  3.116e-06 -1.041e-06 -1.964e-03 -1.759e-03 
 -3.428e-05 -2.058e-05 -1.041e-06  1.094e-06  1.620e-03 -5.932e-05 
 -1.148e-01 -6.034e-02 -1.964e-03  1.620e-03  1.001e+01  6.100e-01 
 -3.236e-02 -1.587e-01 -1.759e-03 -5.932e-05  6.100e-01  6.387e+00 
 PARAMETER  CORRELATION COEFFICIENTS  
       NO.  GLOBAL      1      2      3      4      5      6
        1  0.97997   1.000  0.636  0.822 -0.704 -0.779 -0.275
        2  0.97096   0.636  1.000  0.823 -0.246 -0.239 -0.786
        3  0.96762   0.822  0.823  1.000 -0.564 -0.352 -0.394
        4  0.81171  -0.704 -0.246 -0.564  1.000  0.490 -0.022
        5  0.93467  -0.779 -0.239 -0.352  0.490  1.000  0.076
        6  0.90823  -0.275 -0.786 -0.394 -0.022  0.076  1.000
Info in <TCanvas::Print>: pdf file fit_results_mass_checkOnMC/newbdt_puw/save_fit_mc_0_2018_WT_newSigmaFRT_asInANv8.pdf has been created
fit status:  0 3
doublecb_0  -----> plotting  
setting nWT to  12519.0
mistag fraction on MC for bin  0  :  0.119428756773 +/- 0.269152750946
It took 283.947153091 seconds
4.73245346546 minutes
0.0788742255502 hours
ibin
0
alpha values, first rt1
RooRealVar::#alpha_{RT1}^{0} = 1.21719 +/- 0.0237967  L(0 - 10) 

next rt2
RooRealVar::#alpha_{RT2}^{0} = 1.2852 +/- 0.024721  L(0 - 10) 

next nrt2
9.23784195444
next nrt1
3.94134467547
alpha values, first rt1
1.2171880137
next rt2
1.28519618597
it passed the debug
constraining var #sigma_{RT1}^{0} :  0.030773349227  with uncertainty  0.000259976487711
constraining var #alpha_{RT1}^{0} :  1.2171880137  with uncertainty  0.0237966892595
constraining var n_{RT1}^{0} :  3.94134467547  with uncertainty  0.182289418197
constraining var #sigma_{WT1}^{0} :  0.0461226616583  with uncertainty  0.00176519765775
constraining var #alpha_{WT1}^{0} :  0.706155420291  with uncertainty  0.0465894428934
constraining var #alpha_{WT2}^{0} :  1.17297608777  with uncertainty  0.079945364585
constraining var n_{WT1}^{0} :  10.717229319  with uncertainty  3.15825085853
constraining var n_{WT2}^{0} :  10.0084523707  with uncertainty  2.52429661864
constraining var #alpha_{RT2}^{0} :  1.28519618597  with uncertainty  0.0247209608824
constraining var n_{RT2}^{0} :  9.23784195444  with uncertainty  0.738944935229
104824.0
here 0
here 1
total pdf created
Minuit2Minimizer: Minimize with max-calls 7500 convergence for edm < 1 strategy 2
Info in <Minuit2>: MnSeedGenerator Initial state: FCN =        99993.7253 Edm =       116128.1699 NCalls =     47
Info in <Minuit2>: MnSeedGenerator Negative G2 found - new state: 
  Minimum value : 76598.76261
  Edm           : 106978.1907
  Internal parameters:
     -1.223028379
    -0.8374830056
     -1.032862055
    -0.8716700799
     -1.218124801
     -1.137900314
     -0.911383335
    -0.8650728059
    -0.8247129661
      -1.59242314
    -0.9534625015
    -0.9040435291
    -0.9273134744
     -1.485490177
       1.59553212
  Internal gradient  :
     -36064001.33
     -2097.302247
    0.03060975804
    0.02172058207
      14359.46685
    0.03951831996
       234190.725
    0.02143162654
      11192.15958
     -6782.052111
     -235.1678952
    0.02320313211
    0.02434889762
       8493.67109
      8.829932738
  Internal covariance matrix:
  1.3620846e-11              0              0              0              0              0              0              0              0              0              0              0              0              0              0
              0  5.8418668e-05              0              0              0              0              0              0              0              0              0              0              0              0              0
              0              0   0.0006614658              0              0              0              0              0              0              0              0              0              0              0              0
              0              0              0    0.001234562              0              0              0              0              0              0              0              0              0              0              0
              0              0              0              0  4.2895752e-06              0              0              0              0              0              0              0              0              0              0
              0              0              0              0              0  0.00014164748              0              0              0              0              0              0              0              0              0
              0              0              0              0              0              0  6.5405865e-06              0              0              0              0              0              0              0              0
              0              0              0              0              0              0              0    0.004278965              0              0              0              0              0              0              0
              0              0              0              0              0              0              0              0  0.00038762978              0              0              0              0              0              0
              0              0              0              0              0              0              0              0              0  6.6614977e-06              0              0              0              0              0
              0              0              0              0              0              0              0              0              0              0  0.00073507464              0              0              0              0
              0              0              0              0              0              0              0              0              0              0              0    0.020867328              0              0              0
              0              0              0              0              0              0              0              0              0              0              0              0    0.014163278              0              0
              0              0              0              0              0              0              0              0              0              0              0              0              0  1.9846216e-05              0
              0              0              0              0              0              0              0              0              0              0              0              0              0              0   0.0056007701
Info in <Minuit2>: MnSeedGenerator run Hesse - new state: 
  Minimum value : 76598.76261
  Edm           : 264178.3507
  Internal parameters:
     -1.223028379
    -0.8374830056
     -1.032862055
    -0.8716700799
     -1.218124801
     -1.137900314
     -0.911383335
    -0.8650728059
    -0.8247129661
      -1.59242314
    -0.9534625015
    -0.9040435291
    -0.9273134744
     -1.485490177
       1.59553212
  Internal gradient  :
      2003.078644
     -2097.296775
  4.898577511e-05
  3.474550749e-05
      14359.42522
  2.827375004e-06
      234190.7296
  3.430157501e-05
      11192.13683
     -6782.084261
     -235.1655306
  1.490851607e-06
  3.896325172e-05
      8493.671704
      8.829676156
  Internal covariance matrix:
  1.3620847e-11 -1.8764122e-12  1.2044914e-20  3.5091137e-20  9.0968294e-13 -3.3380548e-21 -4.5691916e-12  3.4867596e-19  3.7055823e-11 -3.5967576e-13 -2.6116153e-12 -8.8900795e-20 -7.3240975e-20 -1.0336698e-13  1.0291317e-14
 -1.8764122e-12  6.9566494e-05  4.1293073e-14 -1.5610619e-13 -3.8732326e-06 -2.2596919e-14  2.0017683e-05 -2.6157057e-13 -0.00016147668  2.8778122e-06 -2.0247782e-05 -4.4721739e-13 -3.6844032e-13  6.5591201e-07 -7.9633531e-08
  1.2044914e-20  4.1293073e-14   0.0006614658  3.6002746e-13  5.0182295e-15 -4.3614961e-23 -1.1122028e-13 -6.7026809e-13  7.5178623e-13  -1.570296e-14 -3.9120659e-13 -1.4801735e-12 -1.2194419e-12  4.3824926e-14 -3.2007265e-14
  3.5091137e-20 -1.5610619e-13  3.6002746e-13    0.001234562  -3.840436e-14 -1.6660436e-13  1.2612931e-13 -2.8773173e-21 -1.1246126e-12 -1.5324491e-14  2.0668204e-13  -4.610354e-21  -3.798243e-21 -2.0294066e-16  1.0492653e-12
  9.0968294e-13 -3.8732326e-06  5.0182295e-15  -3.840436e-14  7.0161784e-06     5.6739e-15  -1.077299e-05  2.3037819e-13  8.6518738e-05 -1.5766843e-06 -6.2920156e-06  3.1321911e-13  2.5804575e-13 -2.8143271e-07  3.0426602e-08
 -3.3380548e-21 -2.2596919e-14 -4.3614961e-23 -1.6660436e-13     5.6739e-15  0.00014164748  1.8104437e-14 -3.1016963e-13 -8.0911049e-14 -2.2200856e-14 -1.0302876e-13 -6.8495707e-13  -5.643023e-13 -2.1261323e-14  1.4940863e-14
 -4.5691916e-12  2.0017683e-05 -1.1122028e-13  1.2612931e-13  -1.077299e-05  1.8104437e-14  4.5769019e-05 -4.5874239e-13 -0.00033239405  6.5402595e-06  2.6655734e-05 -1.2246784e-12  -1.008952e-12  9.3646704e-07 -9.6219661e-08
  3.4867596e-19 -2.6157057e-13 -6.7026809e-13 -2.8773173e-21  2.3037819e-13 -3.1016963e-13 -4.5874239e-13    0.004278965  3.9022148e-12  1.3123312e-13   1.156206e-12 -7.5293639e-12 -6.2030711e-12 -5.7757904e-15 -1.9528349e-12
  3.7055823e-11 -0.00016147668  7.5178623e-13 -1.1246126e-12  8.6518738e-05 -8.0911049e-14 -0.00033239405  3.9022148e-12   0.0028264055 -5.1900833e-05 -0.00021788403  1.0293605e-11  8.4803932e-12 -7.9449382e-06  8.0765811e-07
 -3.5967576e-13  2.8778122e-06  -1.570296e-14 -1.5324491e-14 -1.5766843e-06 -2.2200856e-14  6.5402595e-06  1.3123312e-13 -5.1900833e-05  7.6442348e-06  3.9343117e-06 -3.3795658e-13 -2.7842574e-13  1.4688976e-07 -1.4883679e-08
 -2.6116153e-12 -2.0247782e-05 -3.9120659e-13  2.0668204e-13 -6.2920156e-06 -1.0302876e-13  2.6655734e-05   1.156206e-12 -0.00021788403  3.9343117e-06  0.00077028816 -3.9928799e-12 -3.2895366e-12  1.2610114e-06 -2.1331314e-07
 -8.8900795e-20 -4.4721739e-13 -1.4801735e-12  -4.610354e-21  3.1321911e-13 -6.8495707e-13 -1.2246784e-12 -7.5293639e-12  1.0293605e-11 -3.3795658e-13 -3.9928799e-12    0.020867328 -1.3698431e-11  -2.094284e-14 -4.3110546e-12
 -7.3240975e-20 -3.6844032e-13 -1.2194419e-12  -3.798243e-21  2.5804575e-13  -5.643023e-13  -1.008952e-12 -6.2030711e-12  8.4803932e-12 -2.7842574e-13 -3.2895366e-12 -1.3698431e-11    0.014163278 -1.7253772e-14  -3.551665e-12
 -1.0336698e-13  6.5591201e-07  4.3824926e-14 -2.0294066e-16 -2.8143271e-07 -2.1261323e-14  9.3646704e-07 -5.7757904e-15 -7.9449382e-06  1.4688976e-07  1.2610114e-06  -2.094284e-14 -1.7253772e-14  1.9905395e-05 -1.4006701e-05
  1.0291317e-14 -7.9633531e-08 -3.2007265e-14  1.0492653e-12  3.0426602e-08  1.4940863e-14 -9.6219661e-08 -1.9528349e-12  8.0765811e-07 -1.4883679e-08 -2.1331314e-07 -4.3110546e-12  -3.551665e-12 -1.4006701e-05   0.0056106347
Info in <Minuit2>: VariableMetricBuilder Start iterating until Edm is < 0.001 with call limit = 7500
Info in <Minuit2>: VariableMetricBuilder    0 - FCN =       76598.76261 Edm =       264178.3507 NCalls =    449
Info in <Minuit2>: VariableMetricBuilder    1 - FCN =       28472.31838 Edm =       215796.3799 NCalls =    500
Info in <Minuit2>: VariableMetricBuilder    2 - FCN =       28258.36997 Edm =       321816.2115 NCalls =    546
Info in <Minuit2>: VariableMetricBuilder    3 - FCN =       27699.96962 Edm =        443310.055 NCalls =    592
Info in <Minuit2>: VariableMetricBuilder    4 - FCN =       27645.79404 Edm =       488982.1181 NCalls =    637
Info in <Minuit2>: VariableMetricBuilder    5 - FCN =       27365.12373 Edm =       61660.81629 NCalls =    681
Info in <Minuit2>: VariableMetricBuilder    6 - FCN =       988.9280163 Edm =       39080.91125 NCalls =    735
Info in <Minuit2>: VariableMetricBuilder    7 - FCN =      -780.1213044 Edm =       532.8367302 NCalls =    790
Info in <Minuit2>: VariableMetricBuilder    8 - FCN =      -1365.222942 Edm =       69.06447755 NCalls =    840
Info in <Minuit2>: VariableMetricBuilder    9 - FCN =      -1545.227349 Edm =       13.71526762 NCalls =    889
Info in <Minuit2>: VariableMetricBuilder   10 - FCN =      -1568.335698 Edm =       1.837832086 NCalls =    937
Info in <Minuit2>: VariableMetricBuilder   11 - FCN =      -1571.544384 Edm =      0.5838323493 NCalls =    985
Info in <Minuit2>: VariableMetricBuilder   12 - FCN =      -1573.664109 Edm =       1.223465853 NCalls =   1034
Info in <Minuit2>: VariableMetricBuilder   13 - FCN =      -1578.814221 Edm =       1.733128739 NCalls =   1083
Info in <Minuit2>: VariableMetricBuilder   14 - FCN =      -1579.738422 Edm =        2.55268539 NCalls =   1127
Info in <Minuit2>: VariableMetricBuilder   15 - FCN =      -1631.195967 Edm =       36.08206858 NCalls =   1178
Info in <Minuit2>: VariableMetricBuilder   16 - FCN =      -1631.917471 Edm =       1.117412234 NCalls =   1223
Info in <Minuit2>: VariableMetricBuilder   17 - FCN =      -1640.101237 Edm =        6.23391497 NCalls =   1268
Info in <Minuit2>: VariableMetricBuilder   18 - FCN =       -1658.27926 Edm =       15.37957335 NCalls =   1314
Info in <Minuit2>: VariableMetricBuilder   19 - FCN =       -1680.04893 Edm =       7.334121211 NCalls =   1360
Info in <Minuit2>: VariableMetricBuilder   20 - FCN =      -1689.012224 Edm =       1.363550408 NCalls =   1407
Info in <Minuit2>: VariableMetricBuilder   21 - FCN =      -1690.725725 Edm =      0.8723001357 NCalls =   1447
Info in <Minuit2>: VariableMetricBuilder   22 - FCN =      -1690.913002 Edm =      0.2325209312 NCalls =   1487
Info in <Minuit2>: VariableMetricBuilder   23 - FCN =      -1696.236871 Edm =       5.113562213 NCalls =   1534
Info in <Minuit2>: VariableMetricBuilder   24 - FCN =      -1696.901755 Edm =      0.9309676629 NCalls =   1575
Info in <Minuit2>: VariableMetricBuilder   25 - FCN =      -1704.160679 Edm =       5.570589912 NCalls =   1618
Info in <Minuit2>: VariableMetricBuilder   26 - FCN =      -1770.332074 Edm =       51.43686987 NCalls =   1666
Info in <Minuit2>: VariableMetricBuilder   27 - FCN =      -1879.489992 Edm =       44.23043874 NCalls =   1713
Info in <Minuit2>: VariableMetricBuilder   28 - FCN =      -1919.472295 Edm =        9.50811168 NCalls =   1756
Info in <Minuit2>: VariableMetricBuilder   29 - FCN =      -1924.903353 Edm =       2.752294976 NCalls =   1798
Info in <Minuit2>: VariableMetricBuilder   30 - FCN =      -1925.851591 Edm =     0.09354308678 NCalls =   1841
Info in <Minuit2>: VariableMetricBuilder   31 - FCN =      -1925.945058 Edm =      0.2484284649 NCalls =   1881
Minuit2:0: RuntimeWarning: VariableMetricBuilder No improvement in line search
Info in <Minuit2>: VariableMetricBuilder   32 - FCN =      -1925.945058 Edm =      0.2484284649 NCalls =   1892
Minuit2:0: RuntimeWarning: VariableMetricBuilder Iterations finish without convergence; Edm 0.25722 Requested 0.001
Minuit2:0: RuntimeWarning: MnPosDef non-positive diagonal element in covariance matrix[ 14 ] = -1.60814
Minuit2:0: RuntimeWarning: MnPosDef Added to diagonal of Error matrix a value 2.10814
Info in <Minuit2>: VariableMetricBuilder After Hessian
Info in <Minuit2>: VariableMetricBuilder   33 - FCN =      -1925.945058 Edm =     0.01616337682 NCalls =   2060
Info in <Minuit2>: VariableMetricBuilder Tolerance not sufficient, continue minimization; Edm 0.0161634 Required 0.001
Info in <Minuit2>: VariableMetricBuilder   34 - FCN =      -1925.966427 Edm =     0.02646982101 NCalls =   2092
Minuit2:0: RuntimeWarning: DavidonErrorUpdator delgam < 0 : first derivatives increasing along search line
Info in <Minuit2>: VariableMetricBuilder   35 - FCN =         -1927.449 Edm =      0.9646840093 NCalls =   2135
Minuit2:0: RuntimeWarning: VariableMetricBuilder Matrix not pos.def, gdel = 0.73175 > 0
Minuit2:0: RuntimeWarning: MnPosDef non-positive diagonal element in covariance matrix[ 9 ] = -0.00101901
Minuit2:0: RuntimeWarning: MnPosDef non-positive diagonal element in covariance matrix[ 14 ] = -13.6963
Minuit2:0: RuntimeWarning: MnPosDef Added to diagonal of Error matrix a value 14.1963
Minuit2:0: RuntimeWarning: VariableMetricBuilder gdel = -5.47834e+06
Info in <Minuit2>: VariableMetricBuilder   36 - FCN =      -1927.587564 Edm =       1749196.476 NCalls =   2184
Info in <Minuit2>: VariableMetricBuilder   37 - FCN =      -1927.627295 Edm =       279570472.1 NCalls =   2233
Info in <Minuit2>: VariableMetricBuilder   38 - FCN =      -1928.003011 Edm =       601773.1406 NCalls =   2280
Info in <Minuit2>: VariableMetricBuilder   39 - FCN =      -1928.114726 Edm =       176679.4488 NCalls =   2326
Info in <Minuit2>: VariableMetricBuilder   40 - FCN =      -1928.317059 Edm =         16023.112 NCalls =   2369
Info in <Minuit2>: VariableMetricBuilder   41 - FCN =      -1928.440004 Edm =       1766.858998 NCalls =   2412
Info in <Minuit2>: VariableMetricBuilder   42 - FCN =      -1928.476868 Edm =       26.15653387 NCalls =   2455
Info in <Minuit2>: VariableMetricBuilder   43 - FCN =      -1928.477276 Edm =       51.49409002 NCalls =   2498
Info in <Minuit2>: VariableMetricBuilder   44 - FCN =      -1928.481063 Edm =       65.98878926 NCalls =   2540
Info in <Minuit2>: VariableMetricBuilder   45 - FCN =      -1928.792751 Edm =       15325.00685 NCalls =   2586
Info in <Minuit2>: VariableMetricBuilder   46 - FCN =      -1929.088927 Edm =       2138.575321 NCalls =   2629
Info in <Minuit2>: VariableMetricBuilder   47 - FCN =       -1929.69708 Edm =       1003.104131 NCalls =   2671
Info in <Minuit2>: VariableMetricBuilder   48 - FCN =      -1930.004355 Edm =        761.104054 NCalls =   2714
Info in <Minuit2>: VariableMetricBuilder   49 - FCN =      -1930.040539 Edm =       15.42974071 NCalls =   2755
Info in <Minuit2>: VariableMetricBuilder   50 - FCN =      -1930.062118 Edm =       2.788740375 NCalls =   2798
Info in <Minuit2>: VariableMetricBuilder   51 - FCN =      -1930.301996 Edm =       28.52635876 NCalls =   2840
Info in <Minuit2>: VariableMetricBuilder   52 - FCN =      -1933.489346 Edm =       1.453755319 NCalls =   2885
Info in <Minuit2>: VariableMetricBuilder   53 - FCN =      -1934.249883 Edm =      0.2338230829 NCalls =   2929
Info in <Minuit2>: VariableMetricBuilder   54 - FCN =      -1934.515094 Edm =     0.03241992033 NCalls =   2971
Info in <Minuit2>: VariableMetricBuilder   55 - FCN =      -1934.550492 Edm =     0.00433952425 NCalls =   3011
Info in <Minuit2>: VariableMetricBuilder   56 - FCN =      -1934.553838 Edm =   0.0003088387764 NCalls =   3051
Info in <Minuit2>: VariableMetricBuilder After Hessian
Info in <Minuit2>: VariableMetricBuilder   57 - FCN =      -1934.553838 Edm =       13.97950435 NCalls =   3219
Info in <Minuit2>: VariableMetricBuilder Tolerance not sufficient, continue minimization; Edm 13.9795 Required 0.001
Info in <Minuit2>: VariableMetricBuilder   58 - FCN =      -2629.318798 Edm =       244.3095502 NCalls =   3261
Info in <Minuit2>: VariableMetricBuilder   59 - FCN =      -2635.091658 Edm =       177.3945623 NCalls =   3295
Info in <Minuit2>: VariableMetricBuilder   60 - FCN =      -2681.039674 Edm =       2.083838016 NCalls =   3329
Info in <Minuit2>: VariableMetricBuilder   61 - FCN =      -2683.678585 Edm =       3.464449492 NCalls =   3363
Info in <Minuit2>: VariableMetricBuilder   62 - FCN =       -2686.07616 Edm =       1.070769421 NCalls =   3397
Info in <Minuit2>: VariableMetricBuilder   63 - FCN =      -2686.858697 Edm =       4.351161596 NCalls =   3431
Info in <Minuit2>: VariableMetricBuilder   64 - FCN =      -2687.605365 Edm =      0.1932660301 NCalls =   3465
Info in <Minuit2>: VariableMetricBuilder   65 - FCN =      -2688.039676 Edm =      0.2769501224 NCalls =   3497
Info in <Minuit2>: VariableMetricBuilder   66 - FCN =      -2688.818118 Edm =      0.1320278902 NCalls =   3532
Info in <Minuit2>: VariableMetricBuilder   67 - FCN =      -2688.933678 Edm =    0.004938130934 NCalls =   3563
Info in <Minuit2>: VariableMetricBuilder   68 - FCN =      -2688.938173 Edm =    1.39441562e-05 NCalls =   3594
Info in <Minuit2>: VariableMetricBuilder After Hessian
Info in <Minuit2>: VariableMetricBuilder   69 - FCN =      -2688.938173 Edm =   1.338658258e-05 NCalls =   3782
Minuit2Minimizer : Valid minimum - status = 0
FVAL  = -2688.93817255105569
Edm   = 1.33865825750907179e-05
Nfcn  = 3782
#alpha_{RT1}^{0}	  = 1.21389	 +/-  0.0237598	(limited)
#alpha_{RT2}^{0}	  = 1.28714	 +/-  0.0245646	(limited)
#alpha_{WT1}^{0}	  = 0.706155	 +/-  0.0465869	(limited)
#alpha_{WT2}^{0}	  = 1.17298	 +/-  0.0799372	(limited)
#sigma_{RT1}^{0}	  = 0.030768	 +/-  0.000258988	(limited)
#sigma_{WT1}^{0}	  = 0.0461227	 +/-  0.00176518	(limited)
Yield	  = 266.255	 +/-  19.3419	(limited)
f_{M}^{0}	  = 0.119428	 +/-  0.0149947	(limited)
mean_{RT}^{0}	  = 5.2767	 +/-  0.00263864	(limited)
n_{RT1}^{0}	  = 3.92653	 +/-  0.182807	(limited)
n_{RT2}^{0}	  = 9.26398	 +/-  0.735672	(limited)
n_{WT1}^{0}	  = 10.717	 +/-  3.15277	(limited)
n_{WT2}^{0}	  = 10.0083	 +/-  2.52133	(limited)
nbkg	  = 321.88	 +/-  31.9971	(limited)
slope	  = -6.17772	 +/-  0.729195	(limited)
Info in <Minuit2>: Minuit2Minimizer::Hesse Using max-calls 7500
Info in <Minuit2>: Minuit2Minimizer::Hesse Hesse is valid - matrix is accurate
fit with Hesse strategy 2 done, now Minos
Minuit2Minimizer: Minimize with max-calls 7500 convergence for edm < 1 strategy 2
Info in <Minuit2>: MnSeedGenerator Initial state: FCN =      -2688.938173 Edm =   1.243979444e-05 NCalls =     35
Info in <Minuit2>: MnSeedGenerator run Hesse - new state: 
  Minimum value : -2688.938173
  Edm           : 1.338544618e-05
  Internal parameters:
    -0.8590504998
    -0.8369008896
     -1.032862298
    -0.8716703547
     -1.218155907
     -1.137900002
     -1.538160253
    -0.8650737993
    -0.8395594608
    -0.6537290134
    -0.9525600342
    -0.9040508561
    -0.9273200372
     -1.522408261
    -0.6659062272
  Internal gradient  :
     0.4315334903
    0.01890024818
  -0.000733130706
 -0.0004452051298
    -0.4714732229
   0.004413845779
    -0.5820713039
 -0.0004642737513
     0.1811233144
    -0.1031038515
    0.04965813283
 -0.0007008917025
 -0.0009253105529
     0.3868089231
  -0.009759428405
  Internal covariance matrix:
  0.00010586873  2.0916003e-07 -9.9592712e-14 -1.3592195e-13  3.7092602e-08 -4.8106269e-15 -1.0727938e-06  2.5426326e-13 -5.0906725e-06   -1.86186e-07  5.1898199e-07   6.055489e-14  8.8868793e-13  1.9179634e-06  2.6023647e-05
  2.0916003e-07  0.00010760005  -3.322211e-15 -4.7788273e-15  8.8739911e-08 -4.4435504e-14 -5.1437689e-07  8.1915846e-15  7.1068681e-06  3.1403759e-07  -2.043189e-06  5.3419815e-13  4.7960975e-13   3.806539e-08  6.6229807e-05
 -9.9592712e-14  -3.322211e-15  0.00066146945  4.5479945e-22   8.079078e-16  1.0847324e-13  1.4694881e-14   2.273886e-24 -5.8157248e-15  5.8235901e-13  3.2082278e-13  1.3053878e-12  1.0778933e-12 -3.8747491e-15 -2.9344063e-13
 -1.3592195e-13 -4.7788273e-15  4.5479945e-22   0.0012345638  1.0605449e-15  1.4819688e-13  2.1764295e-14  -5.881004e-22  -4.752918e-15 -1.5902151e-14  4.3772546e-13 -1.7834298e-12  1.4726253e-12 -8.5191093e-15 -4.1728818e-13
  3.7092602e-08  8.8739911e-08   8.079078e-16  1.0605449e-15  4.4985941e-06  9.3015363e-15  1.4490372e-07  9.6393043e-14 -8.7430982e-07  5.6558631e-08  8.6632557e-08  1.0389684e-13  8.1949455e-14 -1.6175993e-07 -9.6113523e-06
 -4.8106269e-15 -4.4435504e-14  1.0847324e-13  1.4819688e-13  9.3015363e-15  0.00014164749  3.1434681e-15 -2.7561263e-13  6.9334835e-14  1.2986898e-13 -2.9936187e-15  1.2085103e-12  8.6725156e-22 -8.5547085e-15 -4.8005443e-13
 -1.0727938e-06 -5.1437689e-07  1.4694881e-14  2.1764295e-14  1.4490372e-07  3.1434681e-15  2.8114422e-06 -3.8797757e-14 -1.7819702e-06 -2.2087964e-06 -1.1525873e-06 -4.1031077e-14 -4.7966219e-14  -8.332146e-07 -5.9161814e-05
  2.5426326e-13  8.1915846e-15   2.273886e-24  -5.881004e-22  9.6393043e-14 -2.7561263e-13 -3.8797757e-14   0.0042789835  -1.662364e-15  3.1796243e-14  8.5011583e-13  3.3167754e-12  2.7387493e-12  1.2258882e-14  7.6433068e-13
 -5.0906725e-06  7.1068681e-06 -5.8157248e-15  -4.752918e-15 -8.7430982e-07  6.9334835e-14 -1.7819702e-06  -1.662364e-15  0.00034701336  -4.177444e-06  6.6661061e-06 -8.7043007e-13  7.8841002e-13  5.9583916e-06 -0.00011045585
   -1.86186e-07  3.1403759e-07  5.8235901e-13 -1.5902151e-14  5.6558631e-08  1.2986898e-13 -2.2087964e-06  3.1796243e-14  -4.177444e-06   0.0010618736   7.652295e-07  1.7508997e-12  1.4236307e-12   4.220409e-06   2.144301e-05
  5.1898199e-07  -2.043189e-06  3.2082278e-13  4.3772546e-13  8.6632557e-08 -2.9936187e-15 -1.1525873e-06  8.5011583e-13  6.6661061e-06   7.652295e-07   0.0012893802  3.6869841e-12  6.9419678e-14 -4.0128666e-08  0.00015372917
   6.055489e-14  5.3419815e-13  1.3053878e-12 -1.7834298e-12  1.0389684e-13  1.2085103e-12 -4.1031077e-14  3.3167754e-12 -8.7043007e-13  1.7508997e-12  3.6869841e-12     0.02086845  1.2008909e-11    1.08241e-13  5.8181671e-12
  8.8868793e-13  4.7960975e-13  1.0778933e-12  1.4726253e-12  8.1949455e-14  8.6725156e-22 -4.7966219e-14  2.7387493e-12  7.8841002e-13  1.4236307e-12  6.9419678e-14  1.2008909e-11    0.014164042  1.3196078e-13  4.1596307e-12
  1.9179634e-06   3.806539e-08 -3.8747491e-15 -8.5191093e-15 -1.6175993e-07 -8.5547085e-15  -8.332146e-07  1.2258882e-14  5.9583916e-06   4.220409e-06 -4.0128666e-08    1.08241e-13  1.3196078e-13  1.1595048e-05 -0.00016222483
  2.6023647e-05  6.6229807e-05 -2.9344063e-13 -4.1728818e-13 -9.6113523e-06 -4.8005443e-13 -5.9161814e-05  7.6433068e-13 -0.00011045585   2.144301e-05  0.00015372917  5.8181671e-12  4.1596307e-12 -0.00016222483     0.01728567
Info in <Minuit2>: VariableMetricBuilder Start iterating until Edm is < 0.001 with call limit = 7500
Info in <Minuit2>: VariableMetricBuilder    0 - FCN =      -2688.938173 Edm =   1.338544618e-05 NCalls =    223
Info in <Minuit2>: VariableMetricBuilder    1 - FCN =      -2688.938186 Edm =   1.205601051e-09 NCalls =    254
Info in <Minuit2>: VariableMetricBuilder After Hessian
Info in <Minuit2>: VariableMetricBuilder    2 - FCN =      -2688.938186 Edm =   7.338142127e-11 NCalls =    470
Minuit2Minimizer : Valid minimum - status = 0
FVAL  = -2688.93818590600904
Edm   = 7.33814212656057777e-11
Nfcn  = 470
#alpha_{RT1}^{0}	  = 1.21381	 +/-  0.0237607	(limited)
#alpha_{RT2}^{0}	  = 1.28714	 +/-  0.0245662	(limited)
#alpha_{WT1}^{0}	  = 0.706155	 +/-  0.0465869	(limited)
#alpha_{WT2}^{0}	  = 1.17298	 +/-  0.0799371	(limited)
#sigma_{RT1}^{0}	  = 0.0307682	 +/-  0.000258999	(limited)
#sigma_{WT1}^{0}	  = 0.0461227	 +/-  0.00176518	(limited)
Yield	  = 266.272	 +/-  19.344	(limited)
f_{M}^{0}	  = 0.119429	 +/-  0.0149947	(limited)
mean_{RT}^{0}	  = 5.27669	 +/-  0.00263912	(limited)
n_{RT1}^{0}	  = 3.92696	 +/-  0.182802	(limited)
n_{RT2}^{0}	  = 9.26304	 +/-  0.735686	(limited)
n_{WT1}^{0}	  = 10.7172	 +/-  3.15276	(limited)
n_{WT2}^{0}	  = 10.0085	 +/-  2.52132	(limited)
nbkg	  = 321.826	 +/-  32.0139	(limited)
slope	  = -6.17695	 +/-  0.729655	(limited)
Info in <Minuit2>: Minuit2Minimizer::Hesse Using max-calls 7500
Info in <Minuit2>: Minuit2Minimizer::Hesse Hesse is valid - matrix is accurate
******************************************************************************************************
Minuit2Minimizer::GetMinosError - Run MINOS LOWER error for parameter #0 : #alpha_{RT1}^{0} using max-calls 7500, tolerance 1
Info in <Minuit2>: MnMinos Determination of lower Minos error for parameter 0
Info in <Minuit2>: MnFunctionCross Run Migrad with fixed parameters:
  Pos 0: #alpha_{RT1}^{0} = 1.19005
Info in <Minuit2>: MnSeedGenerator Initial state: FCN =      -2688.438364 Edm =   6.236784579e-06 NCalls =     29
