
[1mRooFit v3.60 -- Developed by Wouter Verkerke and David Kirkby[0m 
                Copyright (C) 2000-2013 NIKHEF, University of California & Stanford University
                All rights reserved, please read http://roofit.sourceforge.net/license.txt

Error in <TUnixSystem::FindDynamicLibrary>: ../utils/func_roofit/libRooGaussDoubleSidedExp[.so | .dll | .dylib | .sl | .dl | .a] does not exist in /cvmfs/sw.el7/gcc63/root/6.24.06/b01/lib64:/cvmfs/sw.el7/gcc63/root/6.24.06/b01/lib:/cvmfs/sw.el7/gcc63/pythia/8.2.40/b02/lib:/cvmfs/sw.el7/gcc/6.3/lib64:/cvmfs/sw.el7/gcc/6.3/lib:/cvmfs/sw.el7/gcc/6.3/libexec/gcc/x86_64-unknown-linux-gnu/6.3.1:.:/cvmfs/sw.el7/gcc63/root/6.24.06/b01/lib:/lib64/tls/x86_64:/lib64/tls:/lib64/x86_64:/lib64:/usr/lib64/tls/x86_64:/usr/lib64/tls:/usr/lib64/x86_64:/usr/lib64:/cvmfs/sw.el7/gcc63/root/6.24.06/b01/python/lib:/cvmfs/sw.el7/gcc63/root/6.24.06
start function declaration
mc file name: /lstore/cms/boletti/Run2-BdToKstarMuMu/2018MC_PSI_newphi_punzi_removeTkMu_fixBkg_B0Psicut_addxcutvariable.root
data file name: /lstore/cms/boletti/Run2-BdToKstarMuMu/2018data_newphi_punzi_removeTkMu_fixBkg_B0Psicut_addxcutvariable.root
reading data...
[#0] ERROR:InputArguments -- Didn't find a branch in Tree 'ntuple' to read variable 'weight' from.
	Note: Name the RooFit variable the same as the branch.
it worked :)
reading monte carlo...
dimuon selection:  keepPsiP
dimuon selection:  keepPsiP
dimuon selection:  keepPsiP
dimuon selection:  keepPsiP
dimuon selection:  keepPsiP
dimuon selection:  keepPsiP
dimuon selection:  keepPsiP
now fitting:  6  for  correctTag  
fitting the mc...
 **********
 **    1 **SET PRINT           1
 **********
 **********
 **    2 **SET NOGRAD
 **********
 PARAMETER DEFINITIONS:
    NO.   NAME         VALUE      STEP SIZE      LIMITS
     1 #alpha_{RT1}^{6}   1.50000e+00  7.50000e-01    0.00000e+00  1.00000e+01
     2 #alpha_{RT2}^{6}  -2.00000e+00  1.00000e+00   -1.00000e+01  0.00000e+00
     3 #sigma_{RT1}^{6}   2.80000e-02  1.40000e-02    0.00000e+00  1.00000e+00
     4 #sigma_{RT2}^{6}   4.80000e-02  2.40000e-02    0.00000e+00  1.00000e+00
     5 f^{RT6}      8.00000e-01  1.00000e-01    0.00000e+00  1.00000e+00
     6 mean_{RT}^{6}   5.27958e+00  2.00000e-02    5.20000e+00  5.40000e+00
     7 n_{RT1}^{6}   1.00000e+00  4.99500e-01    1.00000e-03  2.00000e+02
     8 n_{RT2}^{6}   1.00000e+00  4.99500e-01    1.00000e-03  2.00000e+02
 **********
 **    3 **SET ERR         0.5
 **********
 **********
 **    4 **SET PRINT           1
 **********
 **********
 **    5 **SET STR           1
 **********
 NOW USING STRATEGY  1: TRY TO BALANCE SPEED AGAINST RELIABILITY
 **********
 **    6 **MIGRAD        4000           1
 **********
 FIRST CALL TO USER FUNCTION AT NEW START POINT, WITH IFLAG=4.
 START MIGRAD MINIMIZATION.  STRATEGY  1.  CONVERGENCE WHEN EDM .LT. 1.00e-03
 FCN=-347762 FROM MIGRAD    STATUS=INITIATE       34 CALLS          35 TOTAL
                     EDM= unknown      STRATEGY= 1      NO ERROR MATRIX       
  EXT PARAMETER               CURRENT GUESS       STEP         FIRST   
  NO.   NAME      VALUE            ERROR          SIZE      DERIVATIVE 
   1  #alpha_{RT1}^{6}   1.50000e+00   7.50000e-01   2.16811e-01  -8.16858e+04
   2  #alpha_{RT2}^{6}  -2.00000e+00   1.00000e+00   2.57889e-01   1.18991e+04
   3  #sigma_{RT1}^{6}   2.80000e-02   1.40000e-02   8.78020e-02  -2.78353e+04
   4  #sigma_{RT2}^{6}   4.80000e-02   2.40000e-02   1.16111e-01   1.40787e+04
   5  f^{RT6}      8.00000e-01   1.00000e-01   2.57889e-01   5.18928e+03
   6  mean_{RT}^{6}   5.27958e+00   2.00000e-02   2.05952e-01  -2.68078e+04
   7  n_{RT1}^{6}   1.00000e+00   4.99500e-01   3.66720e-02  -2.06343e+05
   8  n_{RT2}^{6}   1.00000e+00   4.99500e-01   3.66720e-02  -1.74314e+04
                               ERR DEF= 0.5
 MIGRAD MINIMIZATION HAS CONVERGED.
 FCN=-359815 FROM MIGRAD    STATUS=CONVERGED     550 CALLS         551 TOTAL
                     EDM=1.00854e-05    STRATEGY= 1  ERROR MATRIX UNCERTAINTY   3.0 per cent
  EXT PARAMETER                                   STEP         FIRST   
  NO.   NAME      VALUE            ERROR          SIZE      DERIVATIVE 
   1  #alpha_{RT1}^{6}   1.23146e+00   4.58726e-02  -1.36042e-04   4.10164e-01
   2  #alpha_{RT2}^{6}  -2.93976e+00   7.00699e-02  -1.75742e-05  -6.90215e-02
   3  #sigma_{RT1}^{6}   2.47306e-02   3.57316e-04   3.43857e-06  -2.23834e+00
   4  #sigma_{RT2}^{6}   4.05597e-02   2.45980e-04  -6.88476e-06  -1.34967e+00
   5  f^{RT6}      4.11240e-01   1.46481e-02   3.13264e-05   1.52321e-01
   6  mean_{RT}^{6}   5.27948e+00   1.18126e-04   7.74063e-06   1.07016e+00
   7  n_{RT1}^{6}   7.16552e+00   7.81072e-01   2.29366e-04  -3.70677e-02
   8  n_{RT2}^{6}   2.78381e+00   4.74491e-01  -5.58888e-05   7.26574e-02
                               ERR DEF= 0.5
 EXTERNAL ERROR MATRIX.    NDIM=  25    NPAR=  8    ERR DEF=0.5
  2.104e-03 -2.324e-04  6.891e-06  6.960e-06  1.815e-04 -3.753e-06 -2.853e-02 -9.534e-04 
 -2.324e-04  4.910e-03  2.216e-06 -1.272e-06  7.778e-05  5.350e-07  5.632e-03  2.868e-02 
  6.891e-06  2.216e-06  1.277e-07  5.069e-08  4.456e-06 -3.441e-09  3.305e-05  5.822e-06 
  6.960e-06 -1.272e-06  5.069e-08  6.051e-08  2.644e-06 -8.810e-09 -3.698e-05 -4.763e-06 
  1.815e-04  7.778e-05  4.456e-06  2.644e-06  2.146e-04  1.199e-07  3.077e-03  1.415e-04 
 -3.753e-06  5.350e-07 -3.441e-09 -8.810e-09  1.199e-07  1.395e-08  5.959e-05  8.941e-07 
 -2.853e-02  5.632e-03  3.305e-05 -3.698e-05  3.077e-03  5.959e-05  6.102e-01  2.007e-02 
 -9.534e-04  2.868e-02  5.822e-06 -4.763e-06  1.415e-04  8.941e-07  2.007e-02  2.252e-01 
 PARAMETER  CORRELATION COEFFICIENTS  
       NO.  GLOBAL      1      2      3      4      5      6      7      8
        1  0.97544   1.000 -0.072  0.420  0.617  0.270 -0.693 -0.796 -0.044
        2  0.87380  -0.072  1.000  0.089 -0.074  0.076  0.065  0.103  0.863
        3  0.93410   0.420  0.089  1.000  0.577  0.851 -0.082  0.118  0.034
        4  0.91049   0.617 -0.074  0.577  1.000  0.734 -0.303 -0.192 -0.041
        5  0.95024   0.270  0.076  0.851  0.734  1.000  0.069  0.269  0.020
        6  0.75528  -0.693  0.065 -0.082 -0.303  0.069  1.000  0.646  0.016
        7  0.95802  -0.796  0.103  0.118 -0.192  0.269  0.646  1.000  0.054
        8  0.86883  -0.044  0.863  0.034 -0.041  0.020  0.016  0.054  1.000
 **********
 **    7 **SET ERR         0.5
 **********
 **********
 **    8 **SET PRINT           1
 **********
 **********
 **    9 **HESSE        4000
 **********
 COVARIANCE MATRIX CALCULATED SUCCESSFULLY
 FCN=-359815 FROM HESSE     STATUS=OK             75 CALLS         626 TOTAL
                     EDM=0.000149838    STRATEGY= 1      ERROR MATRIX ACCURATE 
  EXT PARAMETER                                INTERNAL      INTERNAL  
  NO.   NAME      VALUE            ERROR       STEP SIZE       VALUE   
   1  #alpha_{RT1}^{6}   1.23146e+00   4.26419e-02   1.26920e-03  -8.53687e-01
   2  #alpha_{RT2}^{6}  -2.93976e+00   6.80141e-02   3.15919e-03   4.24701e-01
   3  #sigma_{RT1}^{6}   2.47306e-02   4.05623e-04   3.45843e-04  -1.25497e+00
   4  #sigma_{RT2}^{6}   4.05597e-02   2.58341e-04   2.15640e-04  -1.16523e+00
   5  f^{RT6}      4.11240e-01   1.61275e-02   3.91740e-03  -1.78466e-01
   6  mean_{RT}^{6}   5.27948e+00   1.22324e-04   3.47315e-04  -2.06638e-01
   7  n_{RT1}^{6}   7.16552e+00   6.84174e-01   2.51350e-03  -1.18996e+00
   8  n_{RT2}^{6}   2.78381e+00   4.37189e-01   4.00434e-03  -1.33433e+00
                               ERR DEF= 0.5
 EXTERNAL ERROR MATRIX.    NDIM=  25    NPAR=  8    ERR DEF=0.5
  1.818e-03 -1.080e-04  9.189e-06  6.944e-06  2.699e-04 -3.565e-06 -1.997e-02 -2.677e-04 
 -1.080e-04  4.626e-03  2.174e-06 -8.885e-07  6.714e-05  2.018e-07  3.672e-03  2.532e-02 
  9.189e-06  2.174e-06  1.645e-07  6.613e-08  5.688e-06 -1.142e-08  4.237e-05  4.666e-06 
  6.944e-06 -8.885e-07  6.613e-08  6.674e-08  3.274e-06 -9.814e-09 -1.225e-05 -2.805e-06 
  2.699e-04  6.714e-05  5.688e-06  3.274e-06  2.602e-04 -1.129e-07  3.244e-03  1.230e-04 
 -3.565e-06  2.018e-07 -1.142e-08 -9.814e-09 -1.129e-07  1.496e-08  4.525e-05  2.537e-07 
 -1.997e-02  3.672e-03  4.237e-05 -1.225e-05  3.244e-03  4.525e-05  4.681e-01  7.967e-03 
 -2.677e-04  2.532e-02  4.666e-06 -2.805e-06  1.230e-04  2.537e-07  7.967e-03  1.912e-01 
 PARAMETER  CORRELATION COEFFICIENTS  
       NO.  GLOBAL      1      2      3      4      5      6      7      8
        1  0.97175   1.000 -0.037  0.531  0.630  0.392 -0.683 -0.685 -0.014
        2  0.85971  -0.037  1.000  0.079 -0.051  0.061  0.024  0.079  0.851
        3  0.94754   0.531  0.079  1.000  0.631  0.869 -0.230  0.153  0.026
        4  0.91758   0.630 -0.051  0.631  1.000  0.786 -0.311 -0.069 -0.025
        5  0.95747   0.392  0.061  0.869  0.786  1.000 -0.057  0.294  0.017
        6  0.74156  -0.683  0.024 -0.230 -0.311 -0.057  1.000  0.541  0.005
        7  0.94395  -0.685  0.079  0.153 -0.069  0.294  0.541  1.000  0.027
        8  0.85554  -0.014  0.851  0.026 -0.025  0.017  0.005  0.027  1.000
fit status:  0 3
doublecb_RT6  -----> plotting  
Info in <TCanvas::MakeDefCanvas>:  created default TCanvas with name c1
cbshape_RT1_6  -----> plotting  
cbshape_RT2_6  -----> plotting  
setting nRT to  192011.0
Info in <TCanvas::Print>: pdf file fit_results_mass_checkOnMC/newbdt_puw/save_fit_mc_6_2018_RT_newSigmaFRT_asInANv8.pdf has been created
now fitting:  6  for   wrongTag
fitting the mc...
 **********
 **    1 **SET PRINT           1
 **********
 **********
 **    2 **SET NOGRAD
 **********
 PARAMETER DEFINITIONS:
    NO.   NAME         VALUE      STEP SIZE      LIMITS
     1 #alpha_{WT1}^{6}   5.00000e-01  2.50000e-01    0.00000e+00  1.00000e+01
     2 #alpha_{WT2}^{6}   2.50000e+00  1.00000e+00    0.00000e+00  1.00000e+01
     3 #sigma_{WT1}^{6}   3.00000e-02  1.50000e-02    0.00000e+00  1.00000e+00
     4 mean_{WT}^{6}   5.27958e+00  1.00000e-01    5.00000e+00  6.00000e+00
     5 n_{WT1}^{6}   1.00000e+00  4.95000e-01    1.00000e-02  1.00000e+02
     6 n_{WT2}^{6}   1.00000e+00  4.95000e-01    1.00000e-02  1.00000e+02
 **********
 **    3 **SET ERR         0.5
 **********
 **********
 **    4 **SET PRINT           1
 **********
 **********
 **    5 **SET STR           1
 **********
 NOW USING STRATEGY  1: TRY TO BALANCE SPEED AGAINST RELIABILITY
 **********
 **    6 **MIGRAD        3000           1
 **********
 FIRST CALL TO USER FUNCTION AT NEW START POINT, WITH IFLAG=4.
 START MIGRAD MINIMIZATION.  STRATEGY  1.  CONVERGENCE WHEN EDM .LT. 1.00e-03
 FCN=-23164.4 FROM MIGRAD    STATUS=INITIATE       24 CALLS          25 TOTAL
                     EDM= unknown      STRATEGY= 1      NO ERROR MATRIX       
  EXT PARAMETER               CURRENT GUESS       STEP         FIRST   
  NO.   NAME      VALUE            ERROR          SIZE      DERIVATIVE 
   1  #alpha_{WT1}^{6}   5.00000e-01   2.50000e-01   1.18625e-01  -2.73772e+04
   2  #alpha_{WT2}^{6}   2.50000e+00   1.00000e+00   2.35352e-01   1.82688e+04
   3  #sigma_{WT1}^{6}   3.00000e-02   1.50000e-02   9.09734e-02  -5.93186e+04
   4  mean_{WT}^{6}   5.27958e+00   1.00000e-01   2.26180e-01  -1.09005e+05
   5  n_{WT1}^{6}   1.00000e+00   4.95000e-01   5.17524e-02  -5.05491e+04
   6  n_{WT2}^{6}   1.00000e+00   4.95000e-01   5.17524e-02   1.32072e+04
                               ERR DEF= 0.5
 MIGRAD MINIMIZATION HAS CONVERGED.
 MIGRAD WILL VERIFY CONVERGENCE AND ERROR MATRIX.
 COVARIANCE MATRIX CALCULATED SUCCESSFULLY
 FCN=-32762.5 FROM HESSE     STATUS=OK             44 CALLS         365 TOTAL
                     EDM=0.0174587    STRATEGY= 1      ERROR MATRIX ACCURATE 
  EXT PARAMETER                                   STEP         FIRST   
  NO.   NAME      VALUE            ERROR          SIZE      DERIVATIVE 
   1  #alpha_{WT1}^{6}   9.88794e-01   3.71454e-02   4.01775e-04   5.01046e-01
   2  #alpha_{WT2}^{6}   1.32894e+00   6.58957e-02   6.07321e-04   5.08438e-01
   3  #sigma_{WT1}^{6}   5.32547e-02   9.04291e-04   1.73483e-04  -2.45456e+00
   4  mean_{WT}^{6}   5.27529e+00   5.73369e-04   1.13385e-04  -1.31180e-02
   5  n_{WT1}^{6}   1.03095e+01   1.93262e+00   3.11146e-03  -4.21730e-02
   6  n_{WT2}^{6}   2.01242e+01   8.73353e+00   9.91065e-03  -8.78290e-01
                               ERR DEF= 0.5
 MIGRAD MINIMIZATION HAS CONVERGED.
 FCN=-32762.5 FROM MIGRAD    STATUS=CONVERGED     378 CALLS         379 TOTAL
                     EDM=9.2767e-05    STRATEGY= 1  ERROR MATRIX UNCERTAINTY   9.1 per cent
  EXT PARAMETER                                   STEP         FIRST   
  NO.   NAME      VALUE            ERROR          SIZE      DERIVATIVE 
   1  #alpha_{WT1}^{6}   9.90078e-01   3.68354e-02   4.30049e-04   2.85633e-01
   2  #alpha_{WT2}^{6}   1.33674e+00   5.93788e-02   2.29602e-03  -2.18645e+00
   3  #sigma_{WT1}^{6}   5.33097e-02   8.81824e-04   2.44753e-04   3.94404e+00
   4  mean_{WT}^{6}   5.27530e+00   5.71517e-04   2.74643e-05   3.38646e+00
   5  n_{WT1}^{6}   1.02916e+01   1.92934e+00  -5.89092e-04   6.72391e-03
   6  n_{WT2}^{6}   1.89404e+01   7.17159e+00   2.98720e-02   1.65461e-01
                               ERR DEF= 0.5
 EXTERNAL ERROR MATRIX.    NDIM=  25    NPAR=  6    ERR DEF=0.5
  1.357e-03  1.098e-03  2.427e-05 -1.140e-05 -5.871e-02  6.538e-02 
  1.098e-03  3.526e-03  3.905e-05  8.359e-07 -2.410e-02  3.605e-01 
  2.427e-05  3.905e-05  7.776e-07 -1.699e-07 -6.079e-04  2.544e-03 
 -1.140e-05  8.359e-07 -1.699e-07  3.266e-07  4.437e-04  5.159e-04 
 -5.871e-02 -2.410e-02 -6.079e-04  4.437e-04  3.727e+00 -1.249e+00 
  6.538e-02  3.605e-01  2.544e-03  5.159e-04 -1.249e+00  5.202e+01 
 PARAMETER  CORRELATION COEFFICIENTS  
       NO.  GLOBAL      1      2      3      4      5      6
        1  0.96544   1.000  0.502  0.747 -0.542 -0.826  0.246
        2  0.96081   0.502  1.000  0.746  0.025 -0.210  0.842
        3  0.93564   0.747  0.746  1.000 -0.337 -0.357  0.400
        4  0.70545  -0.542  0.025 -0.337  1.000  0.402  0.125
        5  0.91953  -0.826 -0.210 -0.357  0.402  1.000 -0.090
        6  0.91355   0.246  0.842  0.400  0.125 -0.090  1.000
 **********
 **    7 **SET ERR         0.5
 **********
 **********
 **    8 **SET PRINT           1
 **********
 **********
 **    9 **HESSE        3000
 **********
 COVARIANCE MATRIX CALCULATED SUCCESSFULLY
 FCN=-32762.5 FROM HESSE     STATUS=OK             44 CALLS         423 TOTAL
                     EDM=0.000119217    STRATEGY= 1      ERROR MATRIX ACCURATE 
  EXT PARAMETER                                INTERNAL      INTERNAL  
  NO.   NAME      VALUE            ERROR       STEP SIZE       VALUE   
   1  #alpha_{WT1}^{6}   9.90078e-01   3.73924e-02   4.01764e-04  -9.30610e-01
   2  #alpha_{WT2}^{6}   1.33674e+00   6.25496e-02   6.07350e-04  -8.22209e-01
   3  #sigma_{WT1}^{6}   5.33097e-02   8.85165e-04   1.73469e-04  -1.10481e+00
   4  mean_{WT}^{6}   5.27530e+00   5.73653e-04   4.53540e-05  -4.66086e-01
   5  n_{WT1}^{6}   1.02916e+01   1.96292e+00   1.24458e-03  -9.17932e-01
   6  n_{WT2}^{6}   1.89404e+01   7.30285e+00   9.91441e-03  -2.47112e+00
                               ERR DEF= 0.5
 EXTERNAL ERROR MATRIX.    NDIM=  25    NPAR=  6    ERR DEF=0.5
  1.398e-03  1.159e-03  2.469e-05 -1.157e-05 -6.107e-02  7.004e-02 
  1.159e-03  3.913e-03  4.114e-05  1.378e-06 -2.572e-02  3.949e-01 
  2.469e-05  4.114e-05  7.835e-07 -1.679e-07 -6.307e-04  2.735e-03 
 -1.157e-05  1.378e-06 -1.679e-07  3.291e-07  4.584e-04  5.694e-04 
 -6.107e-02 -2.572e-02 -6.307e-04  4.584e-04  3.858e+00 -1.337e+00 
  7.004e-02  3.949e-01  2.735e-03  5.694e-04 -1.337e+00  5.396e+01 
 PARAMETER  CORRELATION COEFFICIENTS  
       NO.  GLOBAL      1      2      3      4      5      6
        1  0.96640   1.000  0.495  0.746 -0.539 -0.831  0.255
        2  0.96408   0.495  1.000  0.743  0.038 -0.209  0.859
        3  0.93583   0.746  0.743  1.000 -0.331 -0.363  0.421
        4  0.70807  -0.539  0.038 -0.331  1.000  0.407  0.135
        5  0.92260  -0.831 -0.209 -0.363  0.407  1.000 -0.093
        6  0.92352   0.255  0.859  0.421  0.135 -0.093  1.000
Info in <TCanvas::Print>: pdf file fit_results_mass_checkOnMC/newbdt_puw/save_fit_mc_6_2018_WT_newSigmaFRT_asInANv8.pdf has been created
fit status:  0 3
doublecb_6  -----> plotting  
setting nWT to  27944.0
mistag fraction on MC for bin  6  :  0.127044168125 +/- 0.276142986869
constraining var #sigma_{RT1}^{6} :  0.0247305710039  with uncertainty  0.000405622936656
constraining var #alpha_{RT1}^{6} :  1.23145612381  with uncertainty  0.0426418661098
constraining var n_{RT1}^{6} :  7.16552078573  with uncertainty  0.684173925976
constraining var #sigma_{WT1}^{6} :  0.0533097081932  with uncertainty  0.000885164819812
constraining var #alpha_{WT1}^{6} :  0.990078432382  with uncertainty  0.037392425922
constraining var #alpha_{WT2}^{6} :  1.33674402432  with uncertainty  0.0625496318276
constraining var n_{WT1}^{6} :  10.29162669  with uncertainty  1.96291613787
constraining var n_{WT2}^{6} :  18.9403999394  with uncertainty  7.30285246499
constraining var #alpha_{RT2}^{6} :  -2.93975703832  with uncertainty  0.0680141102454
constraining var n_{RT2}^{6} :  2.78380874999  with uncertainty  0.437189116835
constraining var #sigma_{RT2}^{6} :  0.0405597161509  with uncertainty  0.000258340647515
constraining var f^{RT6} :  0.411239849884  with uncertainty  0.0161274649404
nsig is
219955.0
here
total pdf created
Minuit2Minimizer: Minimize with max-calls 8500 convergence for edm < 1 strategy 2
Info in <Minuit2>: MnSeedGenerator Initial state: FCN =      -923882.9692 Edm =       682608.6737 NCalls =     63
Info in <Minuit2>: MnSeedGenerator Negative G2 found - new state: 
  Minimum value : -983857.1097
  Edm           : 48833.454
  Internal parameters:
     -1.570825144
     0.7386759813
    -0.9306097373
     -0.822209182
     -1.254966179
     -1.165233704
     -1.104813882
     -0.594494435
    -0.1784661556
    -0.8419025663
    -0.2066379072
     -1.189960898
     -1.334329579
    -0.9179316992
    -0.6704697728
     -1.485490177
      1.572418251
  Internal gradient  :
     -11.29657733
     -1030.897767
     0.3149206839
     0.2524996076
      5564.270312
      26413.93458
     0.4664111004
      206473.3329
     -9016.844389
     0.2626973663
      2602.447407
     0.5967155637
      3296.777708
     0.3065271253
     0.1857932559
      5072.271729
     0.3221216452
  Internal covariance matrix:
  5.0782537e-06              0              0              0              0              0              0              0              0              0              0              0              0              0              0              0              0
              0  2.0050921e-05              0              0              0              0              0              0              0              0              0              0              0              0              0              0              0
              0              0  0.00031347501              0              0              0              0              0              0              0              0              0              0              0              0              0              0
              0              0              0  0.00067569875              0              0              0              0              0              0              0              0              0              0              0              0              0
              0              0              0              0  1.0876344e-05              0              0              0              0              0              0              0              0              0              0              0              0
              0              0              0              0              0  1.2007896e-06              0              0              0              0              0              0              0              0              0              0              0
              0              0              0              0              0              0  3.1050027e-05              0              0              0              0              0              0              0              0              0              0
              0              0              0              0              0              0              0  4.4331912e-06              0              0              0              0              0              0              0              0              0
              0              0              0              0              0              0              0              0  4.8090263e-05              0              0              0              0              0              0              0              0
              0              0              0              0              0              0              0              0              0  2.1820686e-05              0              0              0              0              0              0              0
              0              0              0              0              0              0              0              0              0              0  7.0004165e-06              0              0              0              0              0              0
              0              0              0              0              0              0              0              0              0              0              0  0.00067848682              0              0              0              0              0
              0              0              0              0              0              0              0              0              0              0              0              0  4.4459089e-05              0              0              0              0
              0              0              0              0              0              0              0              0              0              0              0              0              0   0.0083533102              0              0              0
              0              0              0              0              0              0              0              0              0              0              0              0              0              0    0.069710978              0              0
              0              0              0              0              0              0              0              0              0              0              0              0              0              0              0  2.7402708e-05              0
              0              0              0              0              0              0              0              0              0              0              0              0              0              0              0              0    0.010073604
Minuit2:0: RuntimeWarning: MnPosDef Matrix forced pos-def by adding to diagonal 0.142041
Info in <Minuit2>: MnSeedGenerator run Hesse - new state: 
  Minimum value : -983857.1097
  Edm           : 43246.97547
  Internal parameters:
     -1.570825144
     0.7386759813
    -0.9306097373
     -0.822209182
     -1.254966179
     -1.165233704
     -1.104813882
     -0.594494435
    -0.1784661556
    -0.8419025663
    -0.2066379072
     -1.189960898
     -1.334329579
    -0.9179316992
    -0.6704697728
     -1.485490177
      1.572418251
  Internal gradient  :
     -11.23635406
     -1031.369136
  2.036403186e-05
  1.618212164e-05
      5565.498926
      26414.34082
  0.0007462581403
      206473.4574
     -9016.860778
  1.929616641e-05
       2603.19791
     0.2205274206
      3298.981575
    0.00049067972
  5.689885692e-07
      5071.973596
     0.3219154929
  Internal covariance matrix:
   4.446878e-06 -2.5419391e-07 -7.6646119e-17 -1.1252921e-16  3.3967209e-08 -3.3115622e-09 -2.4122355e-17  -6.981317e-10 -1.2612159e-08 -1.8604962e-15  2.1478514e-08 -2.1464928e-08 -4.1665375e-07 -4.0024832e-14 -2.2760134e-13 -8.2333244e-08  2.6597254e-08
 -2.5419391e-07    0.003322572   5.188308e-13  7.6172962e-13 -2.0332362e-05  5.1529805e-05  1.6328838e-13 -8.6783916e-05  0.00018830105 -1.7340063e-12 -2.8631988e-05  -6.393135e-09   0.0055134335  2.8532614e-12   7.749988e-12   0.0010916258 -0.00035423544
 -7.6646119e-17   5.188308e-13   0.0002744866 -1.7512666e-13 -1.5429941e-14  1.0207088e-14 -3.7541074e-14 -1.1794067e-14  5.5720483e-14 -1.5735477e-14  2.4384271e-15  8.7657645e-14   8.992355e-13  -3.078754e-13 -1.7787972e-12  1.8395082e-13 -3.9739257e-13
 -1.1252921e-16  7.6172962e-13 -1.7512666e-13  0.00059165881 -2.2653712e-14  1.4985698e-14  1.3305026e-22 -1.7315646e-14  8.1806906e-14 -2.3102289e-14  3.5800152e-15  1.2869595e-13  1.3202268e-12 -4.5201213e-13 -2.6115691e-12   2.700703e-13 -5.8343817e-13
  3.3967209e-08 -2.0332362e-05 -1.5429941e-14 -2.2653712e-14  1.0225486e-05 -4.8097213e-07 -4.8561692e-15  3.4819644e-07  9.8546866e-08  1.0284475e-14 -1.5349664e-06  2.3867959e-08 -3.5716662e-05 -1.2731596e-13 -2.3182816e-13 -7.2078656e-06  2.3371719e-06
 -3.3115622e-09  5.1529805e-05  1.0207088e-14  1.4985698e-14 -4.8097213e-07  2.0958198e-06  3.2124132e-15 -1.4833959e-06  2.4132766e-06 -2.8109594e-14 -1.8325727e-07 -7.9745623e-10   8.932352e-05   2.312259e-14  1.5238143e-13  1.7877369e-05 -5.8047949e-06
 -2.4122355e-17  1.6328838e-13 -3.7541074e-14  1.3305026e-22 -4.8561692e-15  3.2124132e-15  2.7188184e-05 -3.7118731e-15   1.753656e-14 -4.9523285e-15  7.6743093e-16  2.7587944e-14  2.8301078e-13 -9.6895705e-14 -5.5982973e-13  5.7893695e-14 -1.2506888e-13
  -6.981317e-10 -8.6783916e-05 -1.1794067e-14 -1.7315646e-14  3.4819644e-07 -1.4833959e-06 -3.7118731e-15   6.649688e-06 -2.2063426e-07  4.3563936e-14  1.0250217e-06 -5.1951397e-10 -0.00014579444 -3.3420679e-14 -1.7584299e-13  -2.926712e-05   9.423806e-06
 -1.2612159e-08  0.00018830105  5.5720483e-14  8.1806906e-14  9.8546866e-08  2.4132766e-06   1.753656e-14 -2.2063426e-07  6.1449474e-05 -9.8427121e-14  3.0775183e-06 -3.4402288e-09   0.0003119403  1.6799357e-13  8.3157171e-13  6.2709005e-05 -2.0233228e-05
 -1.8604962e-15 -1.7340063e-12 -1.5735477e-14 -2.3102289e-14  1.0284475e-14 -2.8109594e-14 -4.9523285e-15  4.3563936e-14 -9.8427121e-14  1.9106741e-05  1.7080502e-14  9.5542737e-18 -2.8824595e-12 -1.6245674e-13 -2.3465466e-13 -5.7576812e-13  1.8796558e-13
  2.1478514e-08 -2.8631988e-05  2.4384271e-15  3.5800152e-15 -1.5349664e-06 -1.8325727e-07  7.6743093e-16  1.0250217e-06  3.0775183e-06  1.7080502e-14   7.366548e-06 -1.2771473e-08 -4.3581547e-05  -5.559399e-14  3.5269145e-14  -8.331746e-06  2.6826292e-06
 -2.1464928e-08  -6.393135e-09  8.7657645e-14  1.2869595e-13  2.3867959e-08 -7.9745623e-10  2.7587944e-14 -5.1951397e-10 -3.4402288e-09  9.5542737e-18 -1.2771473e-08  0.00059410028 -1.9942747e-08 -1.0502441e-17  1.3082842e-12 -4.6227019e-09  1.5226775e-09
 -4.1665375e-07   0.0055134335   8.992355e-13  1.3202268e-12 -3.5716662e-05   8.932352e-05  2.8301078e-13 -0.00014579444   0.0003119403 -2.8824595e-12 -4.3581547e-05 -1.9942747e-08   0.0092104502  4.7195458e-12  1.3431031e-11   0.0018315828 -0.00059365181
 -4.0024832e-14  2.8532614e-12  -3.078754e-13 -4.5201213e-13 -1.2731596e-13   2.312259e-14 -9.6895705e-14 -3.3420679e-14  1.6799357e-13 -1.6245674e-13  -5.559399e-14 -1.0502441e-17  4.7195458e-12   0.0073143683 -4.5911794e-12  1.0281173e-12 -3.5553141e-13
 -2.2760134e-13   7.749988e-12 -1.7787972e-12 -2.6115691e-12 -2.3182816e-13  1.5238143e-13 -5.5982973e-13 -1.7584299e-13  8.3157171e-13 -2.3465466e-13  3.5269145e-14  1.3082842e-12  1.3431031e-11 -4.5911794e-12    0.061040685   2.747352e-12 -5.9274549e-12
 -8.2333244e-08   0.0010916258  1.8395082e-13   2.700703e-13 -7.2078656e-06  1.7877369e-05  5.7893695e-14  -2.926712e-05  6.2709005e-05 -5.7576812e-13  -8.331746e-06 -4.6227019e-09   0.0018315828  1.0281173e-12   2.747352e-12  0.00038940052 -0.00013201757
  2.6597254e-08 -0.00035423544 -3.9739257e-13 -5.8343817e-13  2.3371719e-06 -5.8047949e-06 -1.2506888e-13   9.423806e-06 -2.0233228e-05  1.8796558e-13  2.6826292e-06  1.5226775e-09 -0.00059365181 -3.5553141e-13 -5.9274549e-12 -0.00013201757   0.0088668419
Info in <Minuit2>: VariableMetricBuilder Start iterating until Edm is < 0.001 with call limit = 8500
Info in <Minuit2>: VariableMetricBuilder    0 - FCN =      -983857.1097 Edm =       43246.97547 NCalls =    455
Info in <Minuit2>: VariableMetricBuilder    1 - FCN =      -999982.5775 Edm =       1297375.683 NCalls =    499
Info in <Minuit2>: VariableMetricBuilder    2 - FCN =      -1022269.437 Edm =       2966.844131 NCalls =    545
Info in <Minuit2>: VariableMetricBuilder    3 - FCN =      -1022738.027 Edm =       205.2576413 NCalls =    594
Info in <Minuit2>: VariableMetricBuilder    4 - FCN =      -1022955.769 Edm =       11.48569115 NCalls =    636
Info in <Minuit2>: VariableMetricBuilder    5 - FCN =      -1022976.005 Edm =       4.164237804 NCalls =    674
Info in <Minuit2>: VariableMetricBuilder    6 - FCN =      -1022981.956 Edm =      0.5829535282 NCalls =    712
Info in <Minuit2>: VariableMetricBuilder    7 - FCN =      -1022983.099 Edm =      0.1136532652 NCalls =    750
Info in <Minuit2>: VariableMetricBuilder    8 - FCN =      -1022983.287 Edm =     0.01516843833 NCalls =    786
Info in <Minuit2>: VariableMetricBuilder    9 - FCN =      -1022983.371 Edm =     0.01824115766 NCalls =    823
Info in <Minuit2>: VariableMetricBuilder   10 - FCN =      -1022983.404 Edm =    0.001231629446 NCalls =    860
Info in <Minuit2>: VariableMetricBuilder   11 - FCN =      -1022983.406 Edm =    5.64639832e-05 NCalls =    898
Minuit2:0: RuntimeWarning: MnPosDef Matrix forced pos-def by adding to diagonal 7.35175
Info in <Minuit2>: VariableMetricBuilder After Hessian
Info in <Minuit2>: VariableMetricBuilder   12 - FCN =      -1022983.406 Edm =    0.001434835264 NCalls =   1141
Minuit2:0: RuntimeWarning: VariableMetricBuilder Reached machine accuracy limit; Edm 0.00143484 is smaller than machine limit 0.0609746 while 0.001 was requested
Minuit2:0: RuntimeWarning: Minuit2Minimizer::Minimize Covar was made pos def
Minuit2Minimizer : Valid minimum - status = 1
FVAL  = -1022983.40582427289
Edm   = 0.00143483526393425008
Nfcn  = 1141
#alpha_{RT1}^{6}	  = 7.73516e-09	 +/-  9.17643e-06	(limited)
#alpha_{RT2}^{6}	  = -1.5789	 +/-  0.00336128	(limited)
#alpha_{WT1}^{6}	  = 0.989925	 +/-  0.0129392	(limited)
#alpha_{WT2}^{6}	  = 1.33644	 +/-  0.0216449	(limited)
#sigma_{RT1}^{6}	  = 0.0238673	 +/-  0.000136553	(limited)
#sigma_{RT2}^{6}	  = 0.0373786	 +/-  4.84651e-05	(limited)
#sigma_{WT1}^{6}	  = 0.053308	 +/-  0.000306293	(limited)
Yield	  = 96589.5	 +/-  112.68	(limited)
f^{RT6}	  = 0.349007	 +/-  0.000760464	(limited)
f_{M}^{6}	  = 0.127043	 +/-  0.000380631	(limited)
mean_{RT}^{6}	  = 5.27779	 +/-  5.96857e-05	(limited)
n_{RT1}^{6}	  = 7.15785	 +/-  0.236789	(limited)
n_{RT2}^{6}	  = 2.46327	 +/-  0.0168821	(limited)
n_{WT1}^{6}	  = 10.2509	 +/-  0.679698	(limited)
n_{WT2}^{6}	  = 18.6698	 +/-  2.53606	(limited)
nbkg	  = 0.000856686	 +/-  896.01	(limited)
slope	  = 9.98387	 +/-  16.1636	(limited)
Info in <Minuit2>: Minuit2Minimizer::Hesse Using max-calls 8500
Minuit2:0: RuntimeWarning: MnPosDef Matrix forced pos-def by adding to diagonal 0.682321
Info in <Minuit2>: Minuit2Minimizer::Hesse Hesse is valid - matrix is full but made positive defined
fit with Hesse strategy 2 done, now Minos
Minuit2Minimizer: Minimize with max-calls 8500 convergence for edm < 1 strategy 2
Info in <Minuit2>: MnSeedGenerator Initial state: FCN =      -1022983.328 Edm =     0.07853527023 NCalls =     65
Info in <Minuit2>: MnSeedGenerator run Hesse - new state: 
  Minimum value : -1022983.328
  Edm           : 0.0820635764
  Internal parameters:
     -1.568843202
     0.7535325876
    -0.9306610815
    -0.8222979302
     -1.260573247
     -1.181675064
     -1.104821409
    -0.9387512178
    -0.3067759734
    -0.8419055468
    -0.2240155535
     -1.190167224
     -1.348424709
    -0.9192727948
    -0.6773973075
     -1.568843202
      1.513996192
  Internal gradient  :
      63.72118452
     -1.141932846
    -0.3270198147
    -0.2622297225
    -0.9599674445
    -0.1999376229
     -0.484081213
     0.7162304643
    -0.5843609438
    -0.2727419767
   -0.04367535466
    -0.6075629813
      1.261349343
    -0.3196769374
    -0.1973602368
      15.78744254
 -0.0001941341907
  Internal covariance matrix:
  6.1312947e-05  3.5131641e-07  1.0322815e-16  2.2619321e-15  3.4029495e-07 -6.2817039e-08 -1.0062526e-14 -2.0106542e-07  9.3445684e-07  2.7232596e-17  2.0388532e-07 -1.5793758e-09  9.5477721e-08  1.7397732e-13  2.3178594e-14  6.7535434e-09 -5.6357171e-06
  3.5131641e-07  8.6629804e-05  2.2088388e-14  2.8791702e-13  2.9951337e-06 -4.6870964e-06  6.8977557e-14 -1.4549336e-07  4.6836253e-06  5.8271326e-15  -8.123987e-06 -6.2404736e-12  5.7576429e-05 -5.1731585e-15   2.950359e-12  1.1041082e-05  -0.0080358965
  1.0322815e-16  2.2088388e-14  0.00031353974 -3.6030124e-23  1.8261725e-14 -6.6516611e-15 -2.3548164e-14   6.989709e-15  1.5791951e-14  3.1826954e-23 -4.0988179e-15 -1.1007429e-13   8.137557e-15  3.8723174e-13 -3.6920985e-22 -1.1367806e-15  4.9559436e-13
  2.2619321e-15  2.8791702e-13 -3.6030124e-23  0.00067589264  3.3241963e-14 -8.3072463e-15  3.4574113e-14 -1.0884287e-14  7.2101509e-15 -9.5050989e-24 -3.0346788e-14  1.6161426e-13  1.9811311e-13 -5.6854512e-13  3.3058853e-12  4.1342907e-14 -2.9623113e-11
  3.4029495e-07  2.9951337e-06  1.8261725e-14  3.3241963e-14  1.4526386e-05  -3.802626e-07  1.0303418e-14 -2.9698258e-08  4.0126814e-06  4.8176216e-15 -2.1428668e-06 -1.4451848e-11  1.1512151e-06  4.2238077e-14  3.4063885e-13  4.1648133e-08 -3.6239729e-05
 -6.2817039e-08 -4.6870964e-06 -6.6516611e-15 -8.3072463e-15  -3.802626e-07  1.4972602e-06 -2.5714649e-15 -5.0245457e-08  -1.417159e-06 -1.7547732e-15  5.1804595e-07  1.5297532e-12 -1.8985483e-06 -2.1416464e-14 -8.5126467e-14 -1.6078431e-07  0.00011791601
 -1.0062526e-14  6.8977557e-14 -2.3548164e-14  3.4574113e-14  1.0303418e-14 -2.5714649e-15  3.1051416e-05 -1.0626399e-15 -1.2524203e-15 -6.2122358e-15 -3.8796759e-15  2.4851461e-19  5.9749785e-14 -2.9885015e-20  3.5428973e-13  3.2399735e-13 -1.3557258e-09
 -2.0106542e-07 -1.4549336e-07   6.989709e-15 -1.0884287e-14 -2.9698258e-08 -5.0245457e-08 -1.0626399e-15  2.5139944e-06  1.9908224e-06  1.8439535e-15  1.7747227e-07  5.0791876e-12 -3.3091119e-07  1.5282726e-14 -1.1153406e-13 -6.7727855e-07  0.00037450349
  9.3445684e-07  4.6836253e-06  1.5791951e-14  7.2101509e-15  4.0126814e-06  -1.417159e-06 -1.2524203e-15  1.9908224e-06  5.0388566e-05  4.1660711e-15  4.5058701e-06 -2.7781135e-11  1.5741354e-06  1.2773131e-13   7.388425e-14  1.4713707e-06 -0.00092086972
  2.7232596e-17  5.8271326e-15  3.1826954e-23 -9.5050989e-24  4.8176216e-15 -1.7547732e-15 -6.2122358e-15  1.8439535e-15  4.1660711e-15  2.1820905e-05 -1.0813082e-15 -2.9038672e-14  2.1467671e-15  1.0215552e-13 -9.7401167e-23 -2.9989383e-16  1.3074264e-13
  2.0388532e-07  -8.123987e-06 -4.0988179e-15 -3.0346788e-14 -2.1428668e-06  5.1804595e-07 -3.8796759e-15  1.7747227e-07  4.5058701e-06 -1.0813082e-15  7.9703278e-06 -7.8584419e-12  -4.308849e-06 -6.4374446e-14 -3.1097126e-13 -4.2534244e-07  0.00030711114
 -1.5793758e-09 -6.2404736e-12 -1.1007429e-13  1.6161426e-13 -1.4451848e-11  1.5297532e-12  2.4851461e-19  5.0791876e-12 -2.7781135e-11 -2.9038672e-14 -7.8584419e-12  0.00067853888 -7.0220138e-13 -4.3383685e-18  1.6561024e-12 -1.1166249e-12  6.0735714e-09
  9.5477721e-08  5.7576429e-05   8.137557e-15  1.9811311e-13  1.1512151e-06 -1.8985483e-06  5.9749785e-14 -3.3091119e-07  1.5741354e-06  2.1467671e-15  -4.308849e-06 -7.0220138e-13  4.9007238e-05 -2.4215108e-13  2.0301154e-12  1.6562657e-05   -0.011203549
  1.7397732e-13 -5.1731585e-15  3.8723174e-13 -5.6854512e-13  4.2238077e-14 -2.1416464e-14 -2.9885015e-20  1.5282726e-14  1.2773131e-13  1.0215552e-13 -6.4374446e-14 -4.3383685e-18 -2.4215108e-13   0.0083973644 -5.8260265e-12 -5.1880552e-12  2.2192039e-08
  2.3178594e-14   2.950359e-12 -3.6920985e-22  3.3058853e-12  3.4063885e-13 -8.5126467e-14  3.5428973e-13 -1.1153406e-13   7.388425e-14 -9.7401167e-23 -3.1097126e-13  1.6561024e-12  2.0301154e-12 -5.8260265e-12    0.070889249  4.2365129e-13 -3.0355557e-10
  6.7535434e-09  1.1041082e-05 -1.1367806e-15  4.1342907e-14  4.1648133e-08 -1.6078431e-07  3.2399735e-13 -6.7727855e-07  1.4713707e-06 -2.9989383e-16 -4.2534244e-07 -1.1166249e-12  1.6562657e-05 -5.1880552e-12  4.2365129e-13  0.00029620733    -0.21860202
 -5.6357171e-06  -0.0080358965  4.9559436e-13 -2.9623113e-11 -3.6239729e-05  0.00011791601 -1.3557258e-09  0.00037450349 -0.00092086972  1.3074264e-13  0.00030711114  6.0735714e-09   -0.011203549  2.2192039e-08 -3.0355557e-10    -0.21860202      1011.7752
Info in <Minuit2>: VariableMetricBuilder Start iterating until Edm is < 0.001 with call limit = 8500
Info in <Minuit2>: VariableMetricBuilder    0 - FCN =      -1022983.328 Edm =      0.0820635764 NCalls =    302
Info in <Minuit2>: VariableMetricBuilder    1 - FCN =      -1022983.336 Edm =      0.0742808005 NCalls =    338
Info in <Minuit2>: VariableMetricBuilder    2 - FCN =      -1022983.401 Edm =    0.002951041576 NCalls =    374
Info in <Minuit2>: VariableMetricBuilder    3 - FCN =      -1022983.401 Edm =    0.002751781197 NCalls =    410
Info in <Minuit2>: VariableMetricBuilder    4 - FCN =      -1022983.412 Edm =   0.0004314190953 NCalls =    446
Minuit2:0: RuntimeWarning: MnPosDef Matrix forced pos-def by adding to diagonal 2.906
Info in <Minuit2>: VariableMetricBuilder After Hessian
Info in <Minuit2>: VariableMetricBuilder    5 - FCN =      -1022983.412 Edm =     0.07730738194 NCalls =    693
Info in <Minuit2>: VariableMetricBuilder Tolerance not sufficient, continue minimization; Edm 0.0773074 Required 0.001
Info in <Minuit2>: VariableMetricBuilder    6 - FCN =      -1022985.015 Edm =        9438835794 NCalls =    767
Info in <Minuit2>: VariableMetricBuilder    7 - FCN =      -1022986.325 Edm =       68.41071616 NCalls =    808
Minuit2:0: RuntimeWarning: DavidonErrorUpdator delgam < 0 : first derivatives increasing along search line
Info in <Minuit2>: VariableMetricBuilder    8 - FCN =      -1022991.286 Edm =       1606.494808 NCalls =    858
Minuit2:0: RuntimeWarning: VariableMetricBuilder Matrix not pos.def, gdel = 965.559 > 0
Minuit2:0: RuntimeWarning: MnPosDef non-positive diagonal element in covariance matrix[ 16 ] = -40.2294
Minuit2:0: RuntimeWarning: MnPosDef Added to diagonal of Error matrix a value 40.7295
Minuit2:0: RuntimeWarning: VariableMetricBuilder gdel = -1.95395e+07
Minuit2:0: RuntimeWarning: VariableMetricBuilder No improvement in line search
Info in <Minuit2>: VariableMetricBuilder    9 - FCN =      -1022991.286 Edm =       1606.494808 NCalls =    869
Minuit2:0: RuntimeWarning: VariableMetricBuilder Iterations finish without convergence; Edm 2.66087e+08 Requested 0.001
Minuit2:0: RuntimeWarning: VariableMetricBuilder FunctionMinimum is invalid after second try
Minuit2:0: RuntimeWarning: Minuit2Minimizer::Minimize Minimization did NOT converge, Edm is above max
Minuit2Minimizer : Invalid Minimum - status = 3
FVAL  = -1.02299e+06
Edm   = 1606.49
Nfcn  = 858
Info in <Minuit2>: Minuit2Minimizer::Hesse Using max-calls 8500
Minuit2:0: RuntimeWarning: MnPosDef non-positive diagonal element in covariance matrix[ 15 ] = -6082.4
Minuit2:0: RuntimeWarning: MnPosDef Added to diagonal of Error matrix a value 6082.9
Minuit2:0: RuntimeWarning: MnPosDef Matrix forced pos-def by adding to diagonal 41.2507
Info in <Minuit2>: Minuit2Minimizer::Hesse Hesse is valid - matrix is full but made positive defined
******************************************************************************************************
Minuit2Minimizer::GetMinosError - Run MINOS LOWER error for parameter #0 : #alpha_{RT1}^{6} using max-calls 8500, tolerance 1
Info in <Minuit2>: MnMinos Determination of lower Minos error for parameter 0
Info in <Minuit2>: MnFunctionCross Run Migrad with fixed parameters:
  Pos 0: #alpha_{RT1}^{6} = 0
Info in <Minuit2>: MnSeedGenerator Initial state: FCN =      -1022936.432 Edm =                 0 NCalls =     63
Info in <Minuit2>: MnSeedGenerator Negative G2 found - new state: 
  Minimum value : -1022936.432
