
[1mRooFit v3.60 -- Developed by Wouter Verkerke and David Kirkby[0m 
                Copyright (C) 2000-2013 NIKHEF, University of California & Stanford University
                All rights reserved, please read http://roofit.sourceforge.net/license.txt

Error in <TUnixSystem::FindDynamicLibrary>: ../utils/func_roofit/libRooGaussDoubleSidedExp[.so | .dll | .dylib | .sl | .dl | .a] does not exist in /cvmfs/sw.el7/gcc63/root/6.24.06/b01/lib64:/cvmfs/sw.el7/gcc63/root/6.24.06/b01/lib:/cvmfs/sw.el7/gcc63/pythia/8.2.40/b02/lib:/cvmfs/sw.el7/gcc/6.3/lib64:/cvmfs/sw.el7/gcc/6.3/lib:/cvmfs/sw.el7/gcc/6.3/libexec/gcc/x86_64-unknown-linux-gnu/6.3.1:.:/cvmfs/sw.el7/gcc63/root/6.24.06/b01/lib:/lib64/tls/x86_64:/lib64/tls:/lib64/x86_64:/lib64:/usr/lib64/tls/x86_64:/usr/lib64/tls:/usr/lib64/x86_64:/usr/lib64:/cvmfs/sw.el7/gcc63/root/6.24.06/b01/python/lib:/cvmfs/sw.el7/gcc63/root/6.24.06
start function declaration
mc file name: /lstore/cms/boletti/Run2-BdToKstarMuMu/2018MC_PSI_newphi_punzi_removeTkMu_fixBkg_B0Psicut_addxcutvariable.root
data file name: /lstore/cms/boletti/Run2-BdToKstarMuMu/2018data_newphi_punzi_removeTkMu_fixBkg_B0Psicut_addxcutvariable.root
reading data...
[#0] ERROR:InputArguments -- Didn't find a branch in Tree 'ntuple' to read variable 'weight' from.
	Note: Name the RooFit variable the same as the branch.
it worked :)
reading monte carlo...
dimuon selection:  keepPsiP
dimuon selection:  keepPsiP
dimuon selection:  keepPsiP
dimuon selection:  keepPsiP
dimuon selection:  keepPsiP
dimuon selection:  keepPsiP
dimuon selection:  keepPsiP
now fitting:  6  for  correctTag  
fitting the mc...
 **********
 **    1 **SET PRINT           1
 **********
 **********
 **    2 **SET NOGRAD
 **********
 PARAMETER DEFINITIONS:
    NO.   NAME         VALUE      STEP SIZE      LIMITS
     1 #alpha_{RT1}^{6}   1.50000e+00  7.50000e-01    0.00000e+00  1.00000e+01
     2 #alpha_{RT2}^{6}  -2.00000e+00  1.00000e+00   -1.00000e+01  0.00000e+00
     3 #sigma_{RT1}^{6}   2.80000e-02  1.40000e-02    0.00000e+00  1.00000e+00
     4 #sigma_{RT2}^{6}   4.80000e-02  2.40000e-02    0.00000e+00  1.00000e+00
     5 f^{RT6}      8.00000e-01  1.00000e-01    0.00000e+00  1.00000e+00
     6 mean_{RT}^{6}   5.27958e+00  2.00000e-02    5.20000e+00  5.40000e+00
     7 n_{RT1}^{6}   1.00000e+00  4.99500e-01    1.00000e-03  2.00000e+02
     8 n_{RT2}^{6}   1.00000e+00  4.99500e-01    1.00000e-03  2.00000e+02
 **********
 **    3 **SET ERR         0.5
 **********
 **********
 **    4 **SET PRINT           1
 **********
 **********
 **    5 **SET STR           1
 **********
 NOW USING STRATEGY  1: TRY TO BALANCE SPEED AGAINST RELIABILITY
 **********
 **    6 **MIGRAD        4000           1
 **********
 FIRST CALL TO USER FUNCTION AT NEW START POINT, WITH IFLAG=4.
 START MIGRAD MINIMIZATION.  STRATEGY  1.  CONVERGENCE WHEN EDM .LT. 1.00e-03
 FCN=-347762 FROM MIGRAD    STATUS=INITIATE       34 CALLS          35 TOTAL
                     EDM= unknown      STRATEGY= 1      NO ERROR MATRIX       
  EXT PARAMETER               CURRENT GUESS       STEP         FIRST   
  NO.   NAME      VALUE            ERROR          SIZE      DERIVATIVE 
   1  #alpha_{RT1}^{6}   1.50000e+00   7.50000e-01   2.16811e-01  -8.16858e+04
   2  #alpha_{RT2}^{6}  -2.00000e+00   1.00000e+00   2.57889e-01   1.18991e+04
   3  #sigma_{RT1}^{6}   2.80000e-02   1.40000e-02   8.78020e-02  -2.78353e+04
   4  #sigma_{RT2}^{6}   4.80000e-02   2.40000e-02   1.16111e-01   1.40787e+04
   5  f^{RT6}      8.00000e-01   1.00000e-01   2.57889e-01   5.18928e+03
   6  mean_{RT}^{6}   5.27958e+00   2.00000e-02   2.05952e-01  -2.68078e+04
   7  n_{RT1}^{6}   1.00000e+00   4.99500e-01   3.66720e-02  -2.06343e+05
   8  n_{RT2}^{6}   1.00000e+00   4.99500e-01   3.66720e-02  -1.74314e+04
                               ERR DEF= 0.5
 MIGRAD MINIMIZATION HAS CONVERGED.
 FCN=-359815 FROM MIGRAD    STATUS=CONVERGED     550 CALLS         551 TOTAL
                     EDM=1.00854e-05    STRATEGY= 1  ERROR MATRIX UNCERTAINTY   3.0 per cent
  EXT PARAMETER                                   STEP         FIRST   
  NO.   NAME      VALUE            ERROR          SIZE      DERIVATIVE 
   1  #alpha_{RT1}^{6}   1.23146e+00   4.58726e-02  -1.36042e-04   4.10164e-01
   2  #alpha_{RT2}^{6}  -2.93976e+00   7.00699e-02  -1.75742e-05  -6.90215e-02
   3  #sigma_{RT1}^{6}   2.47306e-02   3.57316e-04   3.43857e-06  -2.23834e+00
   4  #sigma_{RT2}^{6}   4.05597e-02   2.45980e-04  -6.88476e-06  -1.34967e+00
   5  f^{RT6}      4.11240e-01   1.46481e-02   3.13264e-05   1.52321e-01
   6  mean_{RT}^{6}   5.27948e+00   1.18126e-04   7.74063e-06   1.07016e+00
   7  n_{RT1}^{6}   7.16552e+00   7.81072e-01   2.29366e-04  -3.70677e-02
   8  n_{RT2}^{6}   2.78381e+00   4.74491e-01  -5.58888e-05   7.26574e-02
                               ERR DEF= 0.5
 EXTERNAL ERROR MATRIX.    NDIM=  25    NPAR=  8    ERR DEF=0.5
  2.104e-03 -2.324e-04  6.891e-06  6.960e-06  1.815e-04 -3.753e-06 -2.853e-02 -9.534e-04 
 -2.324e-04  4.910e-03  2.216e-06 -1.272e-06  7.778e-05  5.350e-07  5.632e-03  2.868e-02 
  6.891e-06  2.216e-06  1.277e-07  5.069e-08  4.456e-06 -3.441e-09  3.305e-05  5.822e-06 
  6.960e-06 -1.272e-06  5.069e-08  6.051e-08  2.644e-06 -8.810e-09 -3.698e-05 -4.763e-06 
  1.815e-04  7.778e-05  4.456e-06  2.644e-06  2.146e-04  1.199e-07  3.077e-03  1.415e-04 
 -3.753e-06  5.350e-07 -3.441e-09 -8.810e-09  1.199e-07  1.395e-08  5.959e-05  8.941e-07 
 -2.853e-02  5.632e-03  3.305e-05 -3.698e-05  3.077e-03  5.959e-05  6.102e-01  2.007e-02 
 -9.534e-04  2.868e-02  5.822e-06 -4.763e-06  1.415e-04  8.941e-07  2.007e-02  2.252e-01 
 PARAMETER  CORRELATION COEFFICIENTS  
       NO.  GLOBAL      1      2      3      4      5      6      7      8
        1  0.97544   1.000 -0.072  0.420  0.617  0.270 -0.693 -0.796 -0.044
        2  0.87380  -0.072  1.000  0.089 -0.074  0.076  0.065  0.103  0.863
        3  0.93410   0.420  0.089  1.000  0.577  0.851 -0.082  0.118  0.034
        4  0.91049   0.617 -0.074  0.577  1.000  0.734 -0.303 -0.192 -0.041
        5  0.95024   0.270  0.076  0.851  0.734  1.000  0.069  0.269  0.020
        6  0.75528  -0.693  0.065 -0.082 -0.303  0.069  1.000  0.646  0.016
        7  0.95802  -0.796  0.103  0.118 -0.192  0.269  0.646  1.000  0.054
        8  0.86883  -0.044  0.863  0.034 -0.041  0.020  0.016  0.054  1.000
 **********
 **    7 **SET ERR         0.5
 **********
 **********
 **    8 **SET PRINT           1
 **********
 **********
 **    9 **HESSE        4000
 **********
 COVARIANCE MATRIX CALCULATED SUCCESSFULLY
 FCN=-359815 FROM HESSE     STATUS=OK             75 CALLS         626 TOTAL
                     EDM=0.000149838    STRATEGY= 1      ERROR MATRIX ACCURATE 
  EXT PARAMETER                                INTERNAL      INTERNAL  
  NO.   NAME      VALUE            ERROR       STEP SIZE       VALUE   
   1  #alpha_{RT1}^{6}   1.23146e+00   4.26419e-02   1.26920e-03  -8.53687e-01
   2  #alpha_{RT2}^{6}  -2.93976e+00   6.80141e-02   3.15919e-03   4.24701e-01
   3  #sigma_{RT1}^{6}   2.47306e-02   4.05623e-04   3.45843e-04  -1.25497e+00
   4  #sigma_{RT2}^{6}   4.05597e-02   2.58341e-04   2.15640e-04  -1.16523e+00
   5  f^{RT6}      4.11240e-01   1.61275e-02   3.91740e-03  -1.78466e-01
   6  mean_{RT}^{6}   5.27948e+00   1.22324e-04   3.47315e-04  -2.06638e-01
   7  n_{RT1}^{6}   7.16552e+00   6.84174e-01   2.51350e-03  -1.18996e+00
   8  n_{RT2}^{6}   2.78381e+00   4.37189e-01   4.00434e-03  -1.33433e+00
                               ERR DEF= 0.5
 EXTERNAL ERROR MATRIX.    NDIM=  25    NPAR=  8    ERR DEF=0.5
  1.818e-03 -1.080e-04  9.189e-06  6.944e-06  2.699e-04 -3.565e-06 -1.997e-02 -2.677e-04 
 -1.080e-04  4.626e-03  2.174e-06 -8.885e-07  6.714e-05  2.018e-07  3.672e-03  2.532e-02 
  9.189e-06  2.174e-06  1.645e-07  6.613e-08  5.688e-06 -1.142e-08  4.237e-05  4.666e-06 
  6.944e-06 -8.885e-07  6.613e-08  6.674e-08  3.274e-06 -9.814e-09 -1.225e-05 -2.805e-06 
  2.699e-04  6.714e-05  5.688e-06  3.274e-06  2.602e-04 -1.129e-07  3.244e-03  1.230e-04 
 -3.565e-06  2.018e-07 -1.142e-08 -9.814e-09 -1.129e-07  1.496e-08  4.525e-05  2.537e-07 
 -1.997e-02  3.672e-03  4.237e-05 -1.225e-05  3.244e-03  4.525e-05  4.681e-01  7.967e-03 
 -2.677e-04  2.532e-02  4.666e-06 -2.805e-06  1.230e-04  2.537e-07  7.967e-03  1.912e-01 
 PARAMETER  CORRELATION COEFFICIENTS  
       NO.  GLOBAL      1      2      3      4      5      6      7      8
        1  0.97175   1.000 -0.037  0.531  0.630  0.392 -0.683 -0.685 -0.014
        2  0.85971  -0.037  1.000  0.079 -0.051  0.061  0.024  0.079  0.851
        3  0.94754   0.531  0.079  1.000  0.631  0.869 -0.230  0.153  0.026
        4  0.91758   0.630 -0.051  0.631  1.000  0.786 -0.311 -0.069 -0.025
        5  0.95747   0.392  0.061  0.869  0.786  1.000 -0.057  0.294  0.017
        6  0.74156  -0.683  0.024 -0.230 -0.311 -0.057  1.000  0.541  0.005
        7  0.94395  -0.685  0.079  0.153 -0.069  0.294  0.541  1.000  0.027
        8  0.85554  -0.014  0.851  0.026 -0.025  0.017  0.005  0.027  1.000
fit status:  0 3
doublecb_RT6  -----> plotting  
Info in <TCanvas::MakeDefCanvas>:  created default TCanvas with name c1
cbshape_RT1_6  -----> plotting  
cbshape_RT2_6  -----> plotting  
setting nRT to  192011.0
Info in <TCanvas::Print>: pdf file fit_results_mass_checkOnMC/newbdt_puw/save_fit_mc_6_2018_RT_newSigmaFRT_asInANv8.pdf has been created
now fitting:  6  for   wrongTag
fitting the mc...
 **********
 **    1 **SET PRINT           1
 **********
 **********
 **    2 **SET NOGRAD
 **********
 PARAMETER DEFINITIONS:
    NO.   NAME         VALUE      STEP SIZE      LIMITS
     1 #alpha_{WT1}^{6}   5.00000e-01  2.50000e-01    0.00000e+00  1.00000e+01
     2 #alpha_{WT2}^{6}   2.50000e+00  1.00000e+00    0.00000e+00  1.00000e+01
     3 #sigma_{WT1}^{6}   3.00000e-02  1.50000e-02    0.00000e+00  1.00000e+00
     4 mean_{WT}^{6}   5.27958e+00  1.00000e-01    5.00000e+00  6.00000e+00
     5 n_{WT1}^{6}   1.00000e+00  4.95000e-01    1.00000e-02  1.00000e+02
     6 n_{WT2}^{6}   1.00000e+00  4.95000e-01    1.00000e-02  1.00000e+02
 **********
 **    3 **SET ERR         0.5
 **********
 **********
 **    4 **SET PRINT           1
 **********
 **********
 **    5 **SET STR           1
 **********
 NOW USING STRATEGY  1: TRY TO BALANCE SPEED AGAINST RELIABILITY
 **********
 **    6 **MIGRAD        3000           1
 **********
 FIRST CALL TO USER FUNCTION AT NEW START POINT, WITH IFLAG=4.
 START MIGRAD MINIMIZATION.  STRATEGY  1.  CONVERGENCE WHEN EDM .LT. 1.00e-03
 FCN=-23164.4 FROM MIGRAD    STATUS=INITIATE       24 CALLS          25 TOTAL
                     EDM= unknown      STRATEGY= 1      NO ERROR MATRIX       
  EXT PARAMETER               CURRENT GUESS       STEP         FIRST   
  NO.   NAME      VALUE            ERROR          SIZE      DERIVATIVE 
   1  #alpha_{WT1}^{6}   5.00000e-01   2.50000e-01   1.18625e-01  -2.73772e+04
   2  #alpha_{WT2}^{6}   2.50000e+00   1.00000e+00   2.35352e-01   1.82688e+04
   3  #sigma_{WT1}^{6}   3.00000e-02   1.50000e-02   9.09734e-02  -5.93186e+04
   4  mean_{WT}^{6}   5.27958e+00   1.00000e-01   2.26180e-01  -1.09005e+05
   5  n_{WT1}^{6}   1.00000e+00   4.95000e-01   5.17524e-02  -5.05491e+04
   6  n_{WT2}^{6}   1.00000e+00   4.95000e-01   5.17524e-02   1.32072e+04
                               ERR DEF= 0.5
 MIGRAD MINIMIZATION HAS CONVERGED.
 MIGRAD WILL VERIFY CONVERGENCE AND ERROR MATRIX.
 COVARIANCE MATRIX CALCULATED SUCCESSFULLY
 FCN=-32762.5 FROM HESSE     STATUS=OK             44 CALLS         365 TOTAL
                     EDM=0.0174587    STRATEGY= 1      ERROR MATRIX ACCURATE 
  EXT PARAMETER                                   STEP         FIRST   
  NO.   NAME      VALUE            ERROR          SIZE      DERIVATIVE 
   1  #alpha_{WT1}^{6}   9.88794e-01   3.71454e-02   4.01775e-04   5.01046e-01
   2  #alpha_{WT2}^{6}   1.32894e+00   6.58957e-02   6.07321e-04   5.08438e-01
   3  #sigma_{WT1}^{6}   5.32547e-02   9.04291e-04   1.73483e-04  -2.45456e+00
   4  mean_{WT}^{6}   5.27529e+00   5.73369e-04   1.13385e-04  -1.31180e-02
   5  n_{WT1}^{6}   1.03095e+01   1.93262e+00   3.11146e-03  -4.21730e-02
   6  n_{WT2}^{6}   2.01242e+01   8.73353e+00   9.91065e-03  -8.78290e-01
                               ERR DEF= 0.5
 MIGRAD MINIMIZATION HAS CONVERGED.
 FCN=-32762.5 FROM MIGRAD    STATUS=CONVERGED     378 CALLS         379 TOTAL
                     EDM=9.2767e-05    STRATEGY= 1  ERROR MATRIX UNCERTAINTY   9.1 per cent
  EXT PARAMETER                                   STEP         FIRST   
  NO.   NAME      VALUE            ERROR          SIZE      DERIVATIVE 
   1  #alpha_{WT1}^{6}   9.90078e-01   3.68354e-02   4.30049e-04   2.85633e-01
   2  #alpha_{WT2}^{6}   1.33674e+00   5.93788e-02   2.29602e-03  -2.18645e+00
   3  #sigma_{WT1}^{6}   5.33097e-02   8.81824e-04   2.44753e-04   3.94404e+00
   4  mean_{WT}^{6}   5.27530e+00   5.71517e-04   2.74643e-05   3.38646e+00
   5  n_{WT1}^{6}   1.02916e+01   1.92934e+00  -5.89092e-04   6.72391e-03
   6  n_{WT2}^{6}   1.89404e+01   7.17159e+00   2.98720e-02   1.65461e-01
                               ERR DEF= 0.5
 EXTERNAL ERROR MATRIX.    NDIM=  25    NPAR=  6    ERR DEF=0.5
  1.357e-03  1.098e-03  2.427e-05 -1.140e-05 -5.871e-02  6.538e-02 
  1.098e-03  3.526e-03  3.905e-05  8.359e-07 -2.410e-02  3.605e-01 
  2.427e-05  3.905e-05  7.776e-07 -1.699e-07 -6.079e-04  2.544e-03 
 -1.140e-05  8.359e-07 -1.699e-07  3.266e-07  4.437e-04  5.159e-04 
 -5.871e-02 -2.410e-02 -6.079e-04  4.437e-04  3.727e+00 -1.249e+00 
  6.538e-02  3.605e-01  2.544e-03  5.159e-04 -1.249e+00  5.202e+01 
 PARAMETER  CORRELATION COEFFICIENTS  
       NO.  GLOBAL      1      2      3      4      5      6
        1  0.96544   1.000  0.502  0.747 -0.542 -0.826  0.246
        2  0.96081   0.502  1.000  0.746  0.025 -0.210  0.842
        3  0.93564   0.747  0.746  1.000 -0.337 -0.357  0.400
        4  0.70545  -0.542  0.025 -0.337  1.000  0.402  0.125
        5  0.91953  -0.826 -0.210 -0.357  0.402  1.000 -0.090
        6  0.91355   0.246  0.842  0.400  0.125 -0.090  1.000
 **********
 **    7 **SET ERR         0.5
 **********
 **********
 **    8 **SET PRINT           1
 **********
 **********
 **    9 **HESSE        3000
 **********
 COVARIANCE MATRIX CALCULATED SUCCESSFULLY
 FCN=-32762.5 FROM HESSE     STATUS=OK             44 CALLS         423 TOTAL
                     EDM=0.000119217    STRATEGY= 1      ERROR MATRIX ACCURATE 
  EXT PARAMETER                                INTERNAL      INTERNAL  
  NO.   NAME      VALUE            ERROR       STEP SIZE       VALUE   
   1  #alpha_{WT1}^{6}   9.90078e-01   3.73924e-02   4.01764e-04  -9.30610e-01
   2  #alpha_{WT2}^{6}   1.33674e+00   6.25496e-02   6.07350e-04  -8.22209e-01
   3  #sigma_{WT1}^{6}   5.33097e-02   8.85165e-04   1.73469e-04  -1.10481e+00
   4  mean_{WT}^{6}   5.27530e+00   5.73653e-04   4.53540e-05  -4.66086e-01
   5  n_{WT1}^{6}   1.02916e+01   1.96292e+00   1.24458e-03  -9.17932e-01
   6  n_{WT2}^{6}   1.89404e+01   7.30285e+00   9.91441e-03  -2.47112e+00
                               ERR DEF= 0.5
 EXTERNAL ERROR MATRIX.    NDIM=  25    NPAR=  6    ERR DEF=0.5
  1.398e-03  1.159e-03  2.469e-05 -1.157e-05 -6.107e-02  7.004e-02 
  1.159e-03  3.913e-03  4.114e-05  1.378e-06 -2.572e-02  3.949e-01 
  2.469e-05  4.114e-05  7.835e-07 -1.679e-07 -6.307e-04  2.735e-03 
 -1.157e-05  1.378e-06 -1.679e-07  3.291e-07  4.584e-04  5.694e-04 
 -6.107e-02 -2.572e-02 -6.307e-04  4.584e-04  3.858e+00 -1.337e+00 
  7.004e-02  3.949e-01  2.735e-03  5.694e-04 -1.337e+00  5.396e+01 
 PARAMETER  CORRELATION COEFFICIENTS  
       NO.  GLOBAL      1      2      3      4      5      6
        1  0.96640   1.000  0.495  0.746 -0.539 -0.831  0.255
        2  0.96408   0.495  1.000  0.743  0.038 -0.209  0.859
        3  0.93583   0.746  0.743  1.000 -0.331 -0.363  0.421
        4  0.70807  -0.539  0.038 -0.331  1.000  0.407  0.135
        5  0.92260  -0.831 -0.209 -0.363  0.407  1.000 -0.093
        6  0.92352   0.255  0.859  0.421  0.135 -0.093  1.000
Info in <TCanvas::Print>: pdf file fit_results_mass_checkOnMC/newbdt_puw/save_fit_mc_6_2018_WT_newSigmaFRT_asInANv8.pdf has been created
fit status:  0 3
doublecb_6  -----> plotting  
setting nWT to  27944.0
mistag fraction on MC for bin  6  :  0.127044168125 +/- 0.276142986869
constraining var #sigma_{RT1}^{6} :  0.0247305710039  with uncertainty  0.000405622936656
constraining var #alpha_{RT1}^{6} :  1.23145612381  with uncertainty  0.0426418661098
constraining var n_{RT1}^{6} :  7.16552078573  with uncertainty  0.684173925976
constraining var #sigma_{WT1}^{6} :  0.0533097081932  with uncertainty  0.000885164819812
constraining var #alpha_{WT1}^{6} :  0.990078432382  with uncertainty  0.037392425922
constraining var #alpha_{WT2}^{6} :  1.33674402432  with uncertainty  0.0625496318276
constraining var n_{WT1}^{6} :  10.29162669  with uncertainty  1.96291613787
constraining var n_{WT2}^{6} :  18.9403999394  with uncertainty  7.30285246499
constraining var #alpha_{RT2}^{6} :  -2.93975703832  with uncertainty  0.0680141102454
constraining var n_{RT2}^{6} :  2.78380874999  with uncertainty  0.437189116835
constraining var #sigma_{RT2}^{6} :  0.0405597161509  with uncertainty  0.000258340647515
constraining var f^{RT6} :  0.411239849884  with uncertainty  0.0161274649404
nsig is
219955.0
here
total pdf created
Minuit2Minimizer: Minimize with max-calls 8500 convergence for edm < 1 strategy 2
Info in <Minuit2>: MnSeedGenerator Initial state: FCN =       203836.2828 Edm =       300449.7686 NCalls =     53
Info in <Minuit2>: MnSeedGenerator Negative G2 found - new state: 
  Minimum value : 151819.2522
  Edm           : 258401.411
  Internal parameters:
     -1.585392536
      0.424701252
    -0.9306097373
     -0.822209182
     -1.254966179
     -1.165233704
     -1.104813882
     -0.594494435
      1.650456157
    -0.8419025663
    -0.2066379072
     -1.189960898
     -1.334329579
    -0.9179316992
    -0.6704697728
     -1.485490177
      1.569216898
  Internal gradient  :
     -23752.23214
     -2.387789905
    0.04859674141
    0.03896446856
      18966.79651
     -168.1548368
    0.07197262445
       311452.716
      1675.832424
    0.04053706092
      10992.26488
      0.665318823
      1.181688633
    0.04732738598
    0.02869932396
      7569.236678
    -0.4517499203
  Internal covariance matrix:
  1.2360734e-06              0              0              0              0              0              0              0              0              0              0              0              0              0              0              0              0
              0  0.00044913904              0              0              0              0              0              0              0              0              0              0              0              0              0              0              0
              0              0   0.0003134773              0              0              0              0              0              0              0              0              0              0              0              0              0              0
              0              0              0   0.0006756948              0              0              0              0              0              0              0              0              0              0              0              0              0
              0              0              0              0  7.9581441e-06              0              0              0              0              0              0              0              0              0              0              0              0
              0              0              0              0              0  3.4353115e-06              0              0              0              0              0              0              0              0              0              0              0
              0              0              0              0              0              0  3.1050152e-05              0              0              0              0              0              0              0              0              0              0
              0              0              0              0              0              0              0  9.3041168e-06              0              0              0              0              0              0              0              0              0
              0              0              0              0              0              0              0              0  9.1188792e-05              0              0              0              0              0              0              0              0
              0              0              0              0              0              0              0              0              0  2.1820684e-05              0              0              0              0              0              0              0
              0              0              0              0              0              0              0              0              0              0   0.0010444914              0              0              0              0              0              0
              0              0              0              0              0              0              0              0              0              0              0  0.00067864738              0              0              0              0              0
              0              0              0              0              0              0              0              0              0              0              0              0  0.00070100323              0              0              0              0
              0              0              0              0              0              0              0              0              0              0              0              0              0   0.0083546125              0              0              0
              0              0              0              0              0              0              0              0              0              0              0              0              0              0    0.069541383              0              0
              0              0              0              0              0              0              0              0              0              0              0              0              0              0              0  1.8468512e-05              0
              0              0              0              0              0              0              0              0              0              0              0              0              0              0              0              0   0.0069928463
Minuit2:0: RuntimeWarning: MnPosDef Matrix forced pos-def by adding to diagonal 0.187449
Info in <Minuit2>: MnSeedGenerator run Hesse - new state: 
  Minimum value : 151819.2522
  Edm           : 19369597.11
  Internal parameters:
     -1.585392536
      0.424701252
    -0.9306097373
     -0.822209182
     -1.254966179
     -1.165233704
     -1.104813882
     -0.594494435
      1.650456157
    -0.8419025663
    -0.2066379072
     -1.189960898
     -1.334329579
    -0.9179316992
    -0.6704697728
     -1.485490177
      1.569216898
  Internal gradient  :
     -23752.24573
     -2.372087193
  3.239993864e-06
  2.574653169e-06
      18966.75221
     -168.2361902
  5.147369784e-06
      311452.7332
      1675.819362
  6.467685307e-05
      10992.40765
     0.5747303218
      1.029067699
  3.033408079e-06
  1.812775829e-07
      7569.253549
    -0.4517042844
  Internal covariance matrix:
  1.3505215e-06  6.5992194e-08 -3.5353245e-14 -7.3188515e-14 -9.3373013e-08  1.8376489e-07  1.0818731e-14  2.3118655e-05 -7.9975129e-07  -1.317002e-14 -0.00024427328  6.6119956e-08 -1.1713943e-07  2.5105782e-13 -5.1244843e-13  3.4906059e-06  2.9163389e-07
  6.5992194e-08  0.00037827426  9.8142813e-14 -1.9480218e-14  1.1284986e-07  3.8413038e-08  3.6856337e-14  5.7943127e-06  6.7038735e-07  2.5705666e-14 -6.2059809e-05  5.1595904e-09 -2.0516912e-06  6.7203078e-14 -1.7442573e-12  7.0742222e-07  6.7229638e-08
 -3.5353245e-14  9.8142813e-14  0.00026399224  1.3122008e-13 -6.6275171e-14 -3.6765843e-14 -1.9408084e-21 -3.5479283e-12  2.3368505e-13  1.8205251e-21  3.7948182e-11  -2.928241e-15  1.6854097e-14 -4.6141126e-13  9.0967216e-20 -5.3866735e-13  -4.497632e-14
 -7.3188515e-14 -1.9480218e-14  1.3122008e-13  0.00056903064 -1.3018593e-13 -5.0314808e-14  -4.129801e-14 -6.3989568e-12  1.8337403e-13   3.462035e-14  6.8242275e-11 -1.9877032e-13  2.2939784e-13 -7.0550858e-20 -1.9544233e-12 -9.9617766e-13 -6.9551903e-13
 -9.3373013e-08  1.1284986e-07 -6.6275171e-14 -1.3018593e-13  8.1888962e-06  2.7748923e-07  1.9392202e-14  4.1936519e-05 -3.7199918e-06 -1.7219985e-14 -0.00046333841  2.8559478e-08 -2.1645816e-07  4.4843691e-13  -9.179295e-13  6.1221135e-06   5.102363e-07
  1.8376489e-07  3.8413038e-08 -3.6765843e-14 -5.0314808e-14  2.7748923e-07  3.0197248e-06  1.1492039e-14  1.5825684e-05 -2.1494554e-07 -1.0222952e-14 -0.00016930119  1.4155151e-08 -7.0625397e-08  7.6009288e-14 -5.4395647e-13  2.3495785e-06  1.9693148e-07
  1.0818731e-14  3.6856337e-14 -1.9408084e-21  -4.129801e-14  1.9392202e-14  1.1492039e-14  2.6148622e-05  1.0855395e-12 -4.1141365e-14 -5.4283411e-22 -1.1614044e-11  8.9460029e-16 -5.7385155e-15  1.4521685e-13 -2.8162548e-20  1.6443831e-13  1.3736669e-14
  2.3118655e-05  5.7943127e-06 -3.5479283e-12 -6.3989568e-12  4.1936519e-05  1.5825684e-05  1.0855395e-12    0.002024972 -8.0367417e-05 -1.0018442e-12   -0.021585899  1.8022157e-06  -1.034085e-05  2.1967784e-11 -5.1385387e-11  0.00030539456   2.550792e-05
 -7.9975129e-07  6.7038735e-07  2.3368505e-13  1.8337403e-13 -3.7199918e-06 -2.1494554e-07 -4.1141365e-14 -8.0367417e-05  8.0806978e-05  6.3929638e-14  0.00085149499 -6.9845242e-08 -1.7059822e-07 -6.3745441e-13  1.9474891e-12  -1.306275e-05 -1.0772947e-06
  -1.317002e-14  2.5705666e-14  1.8205251e-21   3.462035e-14 -1.7219985e-14 -1.0222952e-14 -5.4283411e-22 -1.0018442e-12  6.3929638e-14  1.8376104e-05  1.0707057e-11 -9.6070056e-16  4.7799833e-15 -1.2173608e-13  2.5458329e-20 -1.5205067e-13 -1.2696075e-14
 -0.00024427328 -6.2059809e-05  3.7948182e-11  6.8242275e-11 -0.00046333841 -0.00016930119 -1.1614044e-11   -0.021585899  0.00085149499  1.0707057e-11      0.2310311 -1.9208858e-05  0.00011070747 -2.3425992e-10  5.4976494e-10    -0.00326778  -0.0002729401
  6.6119956e-08  5.1595904e-09  -2.928241e-15 -1.9877032e-13  2.8559478e-08  1.4155151e-08  8.9460029e-16  1.8022157e-06 -6.9845242e-08 -9.6070056e-16 -1.9208858e-05  0.00057152068 -9.2018104e-09 -6.5934629e-13 -3.9597386e-12  2.7231638e-07  2.2747367e-08
 -1.1713943e-07 -2.0516912e-06  1.6854097e-14  2.2939784e-13 -2.1645816e-07 -7.0625397e-08 -5.7385155e-15  -1.034085e-05 -1.7059822e-07  4.7799833e-15  0.00011070747 -9.2018104e-09  0.00059041244 -8.0425404e-13  2.7163766e-13 -1.4849579e-06 -1.2894674e-07
  2.5105782e-13  6.7203078e-14 -4.6141126e-13 -7.0550858e-20  4.4843691e-13  7.6009288e-14  1.4521685e-13  2.1967784e-11 -6.3745441e-13 -1.2173608e-13 -2.3425992e-10 -6.5934629e-13 -8.0425404e-13    0.007035766 -6.8723707e-12  3.4237361e-12  2.4390317e-12
 -5.1244843e-13 -1.7442573e-12  9.0967216e-20 -1.9544233e-12  -9.179295e-13 -5.4395647e-13 -2.8162548e-20 -5.1385387e-11  1.9474891e-12  2.5458329e-20  5.4976494e-10 -3.9597386e-12  2.7163766e-13 -6.8723707e-12    0.058563685 -7.7838905e-12 -6.5024222e-13
  3.4906059e-06  7.0742222e-07 -5.3866735e-13 -9.9617766e-13  6.1221135e-06  2.3495785e-06  1.6443831e-13  0.00030539456  -1.306275e-05 -1.5205067e-13    -0.00326778  2.7231638e-07 -1.4849579e-06  3.4237361e-12 -7.7838905e-12  6.1817839e-05  1.4973202e-06
  2.9163389e-07  6.7229638e-08  -4.497632e-14 -6.9551903e-13   5.102363e-07  1.9693148e-07  1.3736669e-14   2.550792e-05 -1.0772947e-06 -1.2696075e-14  -0.0002729401  2.2747367e-08 -1.2894674e-07  2.4390317e-12 -6.5024222e-13  1.4973202e-06    0.005889649
Info in <Minuit2>: VariableMetricBuilder Start iterating until Edm is < 0.001 with call limit = 8500
Info in <Minuit2>: VariableMetricBuilder    0 - FCN =       151819.2522 Edm =       19369597.11 NCalls =    447
Info in <Minuit2>: VariableMetricBuilder    1 - FCN =       -7593.97101 Edm =       251434.4478 NCalls =    501
Info in <Minuit2>: VariableMetricBuilder    2 - FCN =      -7898.692807 Edm =       87.19851918 NCalls =    546
Info in <Minuit2>: VariableMetricBuilder    3 - FCN =      -8020.226068 Edm =        5.78160608 NCalls =    588
Info in <Minuit2>: VariableMetricBuilder    4 - FCN =      -8029.087881 Edm =       3.268559987 NCalls =    631
Info in <Minuit2>: VariableMetricBuilder    5 - FCN =        -8051.8434 Edm =        8.89330924 NCalls =    674
Info in <Minuit2>: VariableMetricBuilder    6 - FCN =      -8098.694146 Edm =       28.69539691 NCalls =    718
Info in <Minuit2>: VariableMetricBuilder    7 - FCN =      -8565.314893 Edm =       1654.363664 NCalls =    769
Info in <Minuit2>: VariableMetricBuilder    8 - FCN =      -8623.082155 Edm =       116.0641713 NCalls =    812
Info in <Minuit2>: VariableMetricBuilder    9 - FCN =      -8977.075045 Edm =       184.7084139 NCalls =    857
Info in <Minuit2>: VariableMetricBuilder   10 - FCN =      -9129.512095 Edm =        24.0109146 NCalls =    895
Info in <Minuit2>: VariableMetricBuilder   11 - FCN =      -9149.625695 Edm =       3.195596165 NCalls =    932
Info in <Minuit2>: VariableMetricBuilder   12 - FCN =       -9151.73094 Edm =     0.04552422157 NCalls =    968
Info in <Minuit2>: VariableMetricBuilder   13 - FCN =      -9151.781319 Edm =     0.01701170127 NCalls =   1004
Info in <Minuit2>: VariableMetricBuilder   14 - FCN =      -9151.919326 Edm =      0.1083490866 NCalls =   1041
Info in <Minuit2>: VariableMetricBuilder   15 - FCN =      -9162.077976 Edm =       6.773327191 NCalls =   1088
Info in <Minuit2>: VariableMetricBuilder   16 - FCN =      -9162.105049 Edm =       0.124069843 NCalls =   1124
Info in <Minuit2>: VariableMetricBuilder   17 - FCN =      -9163.637885 Edm =       1.577626238 NCalls =   1167
Info in <Minuit2>: VariableMetricBuilder   18 - FCN =      -9165.198917 Edm =       1.573578106 NCalls =   1209
Info in <Minuit2>: VariableMetricBuilder   19 - FCN =      -9171.658174 Edm =       2.897141643 NCalls =   1251
Info in <Minuit2>: VariableMetricBuilder   20 - FCN =      -9177.617397 Edm =       2.533083116 NCalls =   1294
Info in <Minuit2>: VariableMetricBuilder   21 - FCN =      -9185.074635 Edm =       3.324729953 NCalls =   1332
Info in <Minuit2>: VariableMetricBuilder   22 - FCN =      -9189.458093 Edm =       1.463200671 NCalls =   1372
Info in <Minuit2>: VariableMetricBuilder   23 - FCN =      -9205.913972 Edm =       28.77799541 NCalls =   1413
Info in <Minuit2>: VariableMetricBuilder   24 - FCN =      -9317.381982 Edm =       96.19418488 NCalls =   1459
Info in <Minuit2>: VariableMetricBuilder   25 - FCN =      -9319.950918 Edm =       9.904635049 NCalls =   1497
Info in <Minuit2>: VariableMetricBuilder   26 - FCN =       -9351.63908 Edm =       45.06334416 NCalls =   1539
Info in <Minuit2>: VariableMetricBuilder   27 - FCN =      -9416.246157 Edm =        46.4943733 NCalls =   1583
Info in <Minuit2>: VariableMetricBuilder   28 - FCN =      -9436.868072 Edm =       37.83350503 NCalls =   1621
Info in <Minuit2>: VariableMetricBuilder   29 - FCN =      -9491.726787 Edm =       84.54393133 NCalls =   1661
Info in <Minuit2>: VariableMetricBuilder   30 - FCN =      -9583.012283 Edm =       13.95577379 NCalls =   1703
Info in <Minuit2>: VariableMetricBuilder   31 - FCN =      -9595.527137 Edm =       3.016966863 NCalls =   1739
Info in <Minuit2>: VariableMetricBuilder   32 - FCN =      -9600.153823 Edm =      0.4836035545 NCalls =   1775
Info in <Minuit2>: VariableMetricBuilder   33 - FCN =      -9600.693107 Edm =     0.06383851794 NCalls =   1811
Info in <Minuit2>: VariableMetricBuilder   34 - FCN =       -9600.75042 Edm =    0.007243091221 NCalls =   1846
Info in <Minuit2>: VariableMetricBuilder   35 - FCN =      -9600.758503 Edm =   0.0003256374282 NCalls =   1882
Info in <Minuit2>: VariableMetricBuilder After Hessian
Info in <Minuit2>: VariableMetricBuilder   36 - FCN =      -9600.758503 Edm =   0.0003615608646 NCalls =   2099
Minuit2Minimizer : Valid minimum - status = 0
FVAL  = -9600.75850252455893
Edm   = 0.000361560864550327624
Nfcn  = 2099
#alpha_{RT1}^{6}	  = 1.22854	 +/-  0.042462	(limited)
#alpha_{RT2}^{6}	  = -2.93642	 +/-  0.0683651	(limited)
#alpha_{WT1}^{6}	  = 0.990077	 +/-  0.0373915	(limited)
#alpha_{WT2}^{6}	  = 1.33674	 +/-  0.0625461	(limited)
#sigma_{RT1}^{6}	  = 0.0248082	 +/-  0.000401022	(limited)
#sigma_{RT2}^{6}	  = 0.0406473	 +/-  0.000255985	(limited)
#sigma_{WT1}^{6}	  = 0.0533097	 +/-  0.000885163	(limited)
Yield	  = 971.106	 +/-  33.8558	(limited)
f^{RT6}	  = 0.401527	 +/-  0.0157671	(limited)
f_{M}^{6}	  = 0.127044	 +/-  0.0011	(limited)
mean_{RT}^{6}	  = 5.2774	 +/-  0.00131243	(limited)
n_{RT1}^{6}	  = 7.19315	 +/-  0.67993	(limited)
n_{RT2}^{6}	  = 2.78885	 +/-  0.436321	(limited)
n_{WT1}^{6}	  = 10.2912	 +/-  1.96156	(limited)
n_{WT2}^{6}	  = 18.9379	 +/-  7.2609	(limited)
nbkg	  = 562.416	 +/-  39.2329	(limited)
slope	  = -5.38972	 +/-  0.488053	(limited)
Info in <Minuit2>: Minuit2Minimizer::Hesse Using max-calls 8500
Info in <Minuit2>: Minuit2Minimizer::Hesse Hesse is valid - matrix is accurate
fit with Hesse strategy 2 done, now Minos
Minuit2Minimizer: Minimize with max-calls 8500 convergence for edm < 1 strategy 2
Info in <Minuit2>: MnSeedGenerator Initial state: FCN =      -9600.758503 Edm =   0.0003696097404 NCalls =     35
Info in <Minuit2>: MnSeedGenerator run Hesse - new state: 
  Minimum value : -9600.758503
  Edm           : 0.0003615745419
  Internal parameters:
    -0.8545741568
     0.4254335462
    -0.9306102167
    -0.8222100106
     -1.254467018
     -1.164790072
     -1.104813952
     -1.508461095
    -0.1982410374
    -0.8419025942
    -0.2279663406
     -1.189218384
     -1.334114648
    -0.9179441458
    -0.6705342352
     -1.506829957
    -0.5692160701
  Internal gradient  :
     0.4221208137
    -0.3328740339
  -0.003053911108
  -0.002448632473
      3.689649878
     -5.875862555
  -0.004523134203
      12.98917229
    -0.1300628085
  -0.002555370314
     0.1257861464
    -0.5676490962
      0.753726865
  -0.002974601603
  -0.001851632825
     0.2300637139
    0.09014867058
  Internal covariance matrix:
  0.00033463105 -4.3469554e-07 -1.0820068e-14  -1.588467e-14  1.7602693e-06  3.2574565e-07  1.2681727e-15 -1.0070589e-06  -1.465337e-05  3.2522991e-14   -3.35762e-05 -3.9497808e-06  2.7963807e-07  6.3410858e-13 -5.9310882e-14  2.3117823e-06  3.3298194e-05
 -4.3469554e-07  0.00045069919 -5.4619925e-16  -8.018614e-16   7.771032e-08  2.1444591e-08  7.7555371e-17  4.3046434e-07 -3.0110748e-06  4.1173225e-14  1.8045695e-07 -2.5907422e-07 -1.3927148e-06  8.0276427e-13 -3.6271696e-15 -2.0258759e-07 -4.8000297e-05
 -1.0820068e-14 -5.4619925e-16  0.00031347829  5.2145034e-22 -2.6152988e-14 -1.3045595e-14 -8.0041782e-23 -1.6089904e-15 -2.5570825e-15 -3.2855291e-14  1.4463438e-13 -1.8230117e-13  3.4541617e-16 -6.4058751e-13   3.743456e-21  2.3846743e-14 -1.9446903e-13
  -1.588467e-14  -8.018614e-16  5.2145034e-22  0.00067569593 -3.8394545e-14 -1.9151911e-14 -1.1750733e-22 -2.3621184e-15 -3.7539887e-15 -4.8234028e-14   2.123341e-13 -2.6763178e-13  5.0709682e-16 -9.4043044e-13  5.4956737e-21  3.5008804e-14  -2.854951e-13
  1.7602693e-06   7.771032e-08 -2.6152988e-14 -3.8394545e-14  1.3294901e-05 -9.0785635e-08 -7.9123874e-15  1.2180375e-07  6.8878501e-06  1.7465554e-16 -3.1548174e-07  6.3941924e-07 -6.0591424e-08  3.4053011e-15  3.7005265e-13 -2.5386026e-07 -5.2584532e-06
  3.2574565e-07  2.1444591e-08 -1.3045595e-14 -1.9151911e-14 -9.0785635e-08     3.3608e-06  4.2164449e-15  1.0505761e-07  1.1205776e-06  3.0210782e-16  2.9995451e-08  1.3162524e-07  4.6470236e-09  5.8902689e-15 -1.9719795e-13 -1.3558233e-07 -8.2402901e-06
  1.2681727e-15  7.7555371e-17 -8.0041782e-23 -1.1750733e-22 -7.9123874e-15  4.2164449e-15  3.1050187e-05  3.5853364e-16 -7.5591816e-15  1.0341457e-14 -4.5141696e-14  5.6604248e-14 -3.5145135e-17  2.0162988e-13 -1.6276435e-21 -7.1976798e-15   6.759607e-14
 -1.0070589e-06  4.3046434e-07 -1.6089904e-15 -2.3621184e-15  1.2180375e-07  1.0505761e-07  3.5853364e-16  2.3627017e-06  -2.033301e-06  3.4508226e-15  8.4035575e-08 -7.9495915e-07 -3.1122035e-07  6.7281518e-14 -1.6768179e-14 -5.4707756e-07 -2.4687111e-05
  -1.465337e-05 -3.0110748e-06 -2.5570825e-15 -3.7539887e-15  6.8878501e-06  1.1205776e-06 -7.5591816e-15  -2.033301e-06   0.0020698142 -9.3139808e-14  2.8935196e-05 -8.7477128e-07  1.4841558e-06 -1.8159692e-12  3.5353365e-13   1.844074e-06  0.00019434471
  3.2522991e-14  4.1173225e-14 -3.2855291e-14 -4.8234028e-14  1.7465554e-16  3.0210782e-16  1.0341457e-14  3.4508226e-15 -9.3139808e-14  2.1820686e-05   -1.06486e-15 -1.5945942e-15 -5.0016213e-14  7.1060922e-22 -4.8365727e-13   1.278261e-15 -1.9322708e-13
   -3.35762e-05  1.8045695e-07  1.4463438e-13   2.123341e-13 -3.1548174e-07  2.9995451e-08 -4.5141696e-14  8.4035575e-08  2.8935196e-05   -1.06486e-15  0.00036302392 -1.0450578e-05   1.577654e-07 -2.0761831e-14  2.1112217e-12  3.2578727e-06 -0.00015101194
 -3.9497808e-06 -2.5907422e-07 -1.8230117e-13 -2.6763178e-13  6.3941924e-07  1.3162524e-07  5.6604248e-14 -7.9495915e-07 -8.7477128e-07 -1.5945942e-15 -1.0450578e-05  0.00066684265  1.6311417e-07 -3.1090187e-14 -2.6473113e-12  2.1260844e-06  1.0423845e-05
  2.7963807e-07 -1.3927148e-06  3.4541617e-16  5.0709682e-16 -6.0591424e-08  4.6470236e-09 -3.5145135e-17 -3.1122035e-07  1.4841558e-06 -5.0016213e-14   1.577654e-07  1.6311417e-07  0.00069261505 -9.7517814e-13  1.6436949e-15  1.0440154e-07  3.4911645e-05
  6.3410858e-13  8.0276427e-13 -6.4058751e-13 -9.4043044e-13  3.4053011e-15  5.8902689e-15  2.0162988e-13  6.7281518e-14 -1.8159692e-12  7.1060922e-22 -2.0761831e-14 -3.1090187e-14 -9.7517814e-13   0.0083552431 -9.4299822e-12  2.4922561e-14 -3.7673948e-12
 -5.9310882e-14 -3.6271696e-15   3.743456e-21  5.4956737e-21  3.7005265e-13 -1.9719795e-13 -1.6276435e-21 -1.6768179e-14  3.5353365e-13 -4.8365727e-13  2.1112217e-12 -2.6473113e-12  1.6436949e-15 -9.4299822e-12    0.069523219  3.3662666e-13 -3.1613853e-12
  2.3117823e-06 -2.0258759e-07  2.3846743e-14  3.5008804e-14 -2.5386026e-07 -1.3558233e-07 -7.1976798e-15 -5.4707756e-07   1.844074e-06   1.278261e-15  3.2578727e-06  2.1260844e-06  1.0440154e-07  2.4922561e-14  3.3662666e-13  9.9745162e-06 -7.9765662e-05
  3.3298194e-05 -4.8000297e-05 -1.9446903e-13  -2.854951e-13 -5.2584532e-06 -8.2402901e-06   6.759607e-14 -2.4687111e-05  0.00019434471 -1.9322708e-13 -0.00015101194  1.0423845e-05  3.4911645e-05 -3.7673948e-12 -3.1613853e-12 -7.9765662e-05   0.0067294639
Info in <Minuit2>: VariableMetricBuilder Start iterating until Edm is < 0.001 with call limit = 8500
Info in <Minuit2>: VariableMetricBuilder    0 - FCN =      -9600.758503 Edm =   0.0003615745419 NCalls =    252
Info in <Minuit2>: VariableMetricBuilder    1 - FCN =      -9600.758864 Edm =   4.468099349e-08 NCalls =    287
Info in <Minuit2>: VariableMetricBuilder After Hessian
Info in <Minuit2>: VariableMetricBuilder    2 - FCN =      -9600.758864 Edm =   2.009009241e-10 NCalls =    564
Minuit2Minimizer : Valid minimum - status = 0
FVAL  = -9600.75886409526356
Edm   = 2.00900924102761206e-10
Nfcn  = 564
#alpha_{RT1}^{6}	  = 1.22832	 +/-  0.0424623	(limited)
#alpha_{RT2}^{6}	  = -2.93608	 +/-  0.068369	(limited)
#alpha_{WT1}^{6}	  = 0.990078	 +/-  0.0373914	(limited)
#alpha_{WT2}^{6}	  = 1.33674	 +/-  0.0625461	(limited)
#sigma_{RT1}^{6}	  = 0.0248043	 +/-  0.000401039	(limited)
#sigma_{RT2}^{6}	  = 0.0406492	 +/-  0.000255981	(limited)
#sigma_{WT1}^{6}	  = 0.0533097	 +/-  0.000885163	(limited)
Yield	  = 970.668	 +/-  33.8457	(limited)
f^{RT6}	  = 0.401591	 +/-  0.0157669	(limited)
f_{M}^{6}	  = 0.127044	 +/-  0.0011	(limited)
mean_{RT}^{6}	  = 5.2774	 +/-  0.00131238	(limited)
n_{RT1}^{6}	  = 7.20038	 +/-  0.679761	(limited)
